Id,Id2,tothh,owners,renters
1400000US42001030101,42001030101,979,864,115
1400000US42001030102,42001030102,2135,1934,201
1400000US42001030200,42001030200,1927,1529,398
1400000US42001030300,42001030300,1512,1216,296
1400000US42001030400,42001030400,2298,1797,501
1400000US42001030500,42001030500,1454,1086,368
1400000US42001030600,42001030600,1726,1352,374
1400000US42001030700,42001030700,2635,2223,412
1400000US42001030800,42001030800,2876,2386,490
1400000US42001030900,42001030900,2909,2049,860
1400000US42001031000,42001031000,661,554,107
1400000US42001031101,42001031101,2318,1429,889
1400000US42001031102,42001031102,1306,1116,190
1400000US42001031201,42001031201,1534,1341,193
1400000US42001031202,42001031202,1008,899,109
1400000US42001031203,42001031203,1199,1098,101
1400000US42001031300,42001031300,1843,1197,646
1400000US42001031401,42001031401,1641,1364,277
1400000US42001031402,42001031402,840,665,175
1400000US42001031501,42001031501,527,187,340
1400000US42001031502,42001031502,1758,577,1181
1400000US42001031600,42001031600,2703,2464,239
1400000US42001031700,42001031700,1029,864,165
1400000US42003010300,42003010300,291,49,242
1400000US42003020100,42003020100,2370,427,1943
1400000US42003020300,42003020300,641,76,565
1400000US42003030500,42003030500,1096,259,837
1400000US42003040200,42003040200,629,162,467
1400000US42003040400,42003040400,1197,639,558
1400000US42003040500,42003040500,1132,60,1072
1400000US42003040600,42003040600,892,110,782
1400000US42003040900,42003040900,1288,402,886
1400000US42003050100,42003050100,996,277,719
1400000US42003050600,42003050600,906,563,343
1400000US42003050900,42003050900,790,79,711
1400000US42003051000,42003051000,724,76,648
1400000US42003051100,42003051100,82,0,82
1400000US42003060300,42003060300,1246,555,691
1400000US42003060500,42003060500,716,367,349
1400000US42003070300,42003070300,1139,345,794
1400000US42003070500,42003070500,1789,334,1455
1400000US42003070600,42003070600,1263,485,778
1400000US42003070800,42003070800,1068,225,843
1400000US42003070900,42003070900,2470,712,1758
1400000US42003080200,42003080200,871,295,576
1400000US42003080400,42003080400,805,256,549
1400000US42003080600,42003080600,1082,461,621
1400000US42003080700,42003080700,1138,194,944
1400000US42003080900,42003080900,989,283,706
1400000US42003090100,42003090100,1041,478,563
1400000US42003090200,42003090200,1326,519,807
1400000US42003090300,42003090300,882,337,545
1400000US42003100500,42003100500,910,622,288
1400000US42003101100,42003101100,1303,607,696
1400000US42003101400,42003101400,1503,972,531
1400000US42003101600,42003101600,398,116,282
1400000US42003101700,42003101700,639,300,339
1400000US42003101800,42003101800,1185,1058,127
1400000US42003110200,42003110200,1996,827,1169
1400000US42003110600,42003110600,1098,757,341
1400000US42003111300,42003111300,1350,403,947
1400000US42003111400,42003111400,596,273,323
1400000US42003111500,42003111500,1788,193,1595
1400000US42003120300,42003120300,733,313,420
1400000US42003120400,42003120400,363,156,207
1400000US42003120700,42003120700,407,164,243
1400000US42003120800,42003120800,235,75,160
1400000US42003130100,42003130100,777,277,500
1400000US42003130200,42003130200,491,281,210
1400000US42003130300,42003130300,619,244,375
1400000US42003130400,42003130400,430,254,176
1400000US42003130600,42003130600,1419,487,932
1400000US42003140100,42003140100,899,722,177
1400000US42003140200,42003140200,1041,458,583
1400000US42003140300,42003140300,1489,851,638
1400000US42003140400,42003140400,979,768,211
1400000US42003140500,42003140500,1044,330,714
1400000US42003140600,42003140600,1466,923,543
1400000US42003140800,42003140800,1954,939,1015
1400000US42003141000,42003141000,454,340,114
1400000US42003141100,42003141100,602,518,84
1400000US42003141300,42003141300,2508,818,1690
1400000US42003141400,42003141400,2517,1262,1255
1400000US42003151600,42003151600,1141,679,462
1400000US42003151700,42003151700,2442,1439,1003
1400000US42003160800,42003160800,1318,595,723
1400000US42003160900,42003160900,1692,526,1166
1400000US42003170200,42003170200,1951,948,1003
1400000US42003170600,42003170600,869,476,393
1400000US42003180300,42003180300,951,369,582
1400000US42003180700,42003180700,987,487,500
1400000US42003190300,42003190300,1009,595,414
1400000US42003191100,42003191100,1238,815,423
1400000US42003191400,42003191400,1403,504,899
1400000US42003191500,42003191500,969,370,599
1400000US42003191600,42003191600,1901,1200,701
1400000US42003191700,42003191700,1524,1134,390
1400000US42003191800,42003191800,2242,1726,516
1400000US42003191900,42003191900,940,559,381
1400000US42003192000,42003192000,1580,968,612
1400000US42003202200,42003202200,1156,692,464
1400000US42003202300,42003202300,1909,1023,886
1400000US42003210700,42003210700,1129,587,542
1400000US42003220600,42003220600,971,365,606
1400000US42003240600,42003240600,1151,551,600
1400000US42003241200,42003241200,394,275,119
1400000US42003250300,42003250300,570,269,301
1400000US42003250700,42003250700,303,124,179
1400000US42003250900,42003250900,603,262,341
1400000US42003260200,42003260200,914,606,308
1400000US42003260700,42003260700,738,487,251
1400000US42003260900,42003260900,560,20,540
1400000US42003261200,42003261200,505,387,118
1400000US42003261400,42003261400,984,419,565
1400000US42003261500,42003261500,745,343,402
1400000US42003262000,42003262000,1208,749,459
1400000US42003270100,42003270100,993,741,252
1400000US42003270300,42003270300,859,466,393
1400000US42003270400,42003270400,449,296,153
1400000US42003270800,42003270800,1112,869,243
1400000US42003271500,42003271500,1007,744,263
1400000US42003281400,42003281400,1082,619,463
1400000US42003281500,42003281500,674,412,262
1400000US42003290100,42003290100,907,524,383
1400000US42003290200,42003290200,1778,1020,758
1400000US42003290400,42003290400,1863,1123,740
1400000US42003300100,42003300100,1382,808,574
1400000US42003310200,42003310200,1479,1385,94
1400000US42003310300,42003310300,397,391,6
1400000US42003320400,42003320400,814,652,162
1400000US42003320600,42003320600,1015,802,213
1400000US42003320700,42003320700,702,573,129
1400000US42003401100,42003401100,2030,1488,542
1400000US42003401200,42003401200,1293,662,631
1400000US42003401300,42003401300,1102,1008,94
1400000US42003402000,42003402000,1440,878,562
1400000US42003403500,42003403500,2026,955,1071
1400000US42003404000,42003404000,646,431,215
1400000US42003405000,42003405000,473,412,61
1400000US42003406000,42003406000,1027,841,186
1400000US42003407001,42003407001,2366,2013,353
1400000US42003407002,42003407002,2765,2468,297
1400000US42003408001,42003408001,2084,1585,499
1400000US42003408002,42003408002,2279,2095,184
1400000US42003409000,42003409000,4449,3758,691
1400000US42003410000,42003410000,471,441,30
1400000US42003411000,42003411000,2900,2588,312
1400000US42003412001,42003412001,3352,3035,317
1400000US42003412002,42003412002,1871,1796,75
1400000US42003413100,42003413100,2683,1933,750
1400000US42003413201,42003413201,1604,1304,300
1400000US42003413202,42003413202,1206,1021,185
1400000US42003413300,42003413300,1934,1690,244
1400000US42003413400,42003413400,1643,1477,166
1400000US42003413500,42003413500,2890,1513,1377
1400000US42003414101,42003414101,1969,1931,38
1400000US42003414102,42003414102,3037,2331,706
1400000US42003414200,42003414200,2228,1989,239
1400000US42003415001,42003415001,1622,1408,214
1400000US42003415002,42003415002,1000,878,122
1400000US42003416000,42003416000,832,667,165
1400000US42003417100,42003417100,910,703,207
1400000US42003417200,42003417200,653,328,325
1400000US42003418000,42003418000,826,700,126
1400000US42003419000,42003419000,1421,1016,405
1400000US42003420000,42003420000,835,349,486
1400000US42003421100,42003421100,1933,1372,561
1400000US42003421200,42003421200,1718,1575,143
1400000US42003422000,42003422000,1869,1757,112
1400000US42003423000,42003423000,1269,707,562
1400000US42003424000,42003424000,1561,671,890
1400000US42003425000,42003425000,1484,929,555
1400000US42003426300,42003426300,2469,2343,126
1400000US42003426400,42003426400,2018,1580,438
1400000US42003426700,42003426700,1162,807,355
1400000US42003426800,42003426800,2248,2110,138
1400000US42003427000,42003427000,1940,802,1138
1400000US42003427100,42003427100,2208,2187,21
1400000US42003427200,42003427200,2205,1594,611
1400000US42003428100,42003428100,508,378,130
1400000US42003428200,42003428200,947,825,122
1400000US42003429100,42003429100,1142,688,454
1400000US42003429201,42003429201,1801,1397,404
1400000US42003429202,42003429202,1863,1743,120
1400000US42003429300,42003429300,2350,1974,376
1400000US42003429400,42003429400,1863,1558,305
1400000US42003429500,42003429500,2278,1276,1002
1400000US42003429600,42003429600,1540,995,545
1400000US42003429700,42003429700,1064,931,133
1400000US42003430100,42003430100,958,715,243
1400000US42003430200,42003430200,2118,1415,703
1400000US42003431100,42003431100,1712,756,956
1400000US42003431400,42003431400,988,462,526
1400000US42003431500,42003431500,1728,418,1310
1400000US42003432300,42003432300,1188,584,604
1400000US42003432400,42003432400,1327,706,621
1400000US42003434000,42003434000,760,600,160
1400000US42003435000,42003435000,1203,730,473
1400000US42003437000,42003437000,2222,1580,642
1400000US42003439000,42003439000,538,497,41
1400000US42003445500,42003445500,1742,1084,658
1400000US42003446000,42003446000,712,657,55
1400000US42003447000,42003447000,599,527,72
1400000US42003448000,42003448000,561,361,200
1400000US42003449000,42003449000,1008,857,151
1400000US42003450700,42003450700,1618,897,721
1400000US42003450800,42003450800,1190,499,691
1400000US42003451101,42003451101,1523,1278,245
1400000US42003451102,42003451102,2004,1250,754
1400000US42003451104,42003451104,1282,1178,104
1400000US42003451105,42003451105,2189,924,1265
1400000US42003451300,42003451300,2731,2543,188
1400000US42003452000,42003452000,2224,1807,417
1400000US42003453003,42003453003,755,654,101
1400000US42003453004,42003453004,3195,2058,1137
1400000US42003455000,42003455000,651,533,118
1400000US42003456001,42003456001,1284,1152,132
1400000US42003456003,42003456003,2629,2195,434
1400000US42003456004,42003456004,2128,1349,779
1400000US42003457100,42003457100,760,351,409
1400000US42003457200,42003457200,1768,1122,646
1400000US42003458000,42003458000,3762,3016,746
1400000US42003459101,42003459101,683,574,109
1400000US42003459102,42003459102,2494,1950,544
1400000US42003459201,42003459201,2847,1867,980
1400000US42003459202,42003459202,490,410,80
1400000US42003460001,42003460001,2041,1798,243
1400000US42003460002,42003460002,1425,1026,399
1400000US42003461000,42003461000,612,313,299
1400000US42003462100,42003462100,1106,701,405
1400000US42003462600,42003462600,1433,716,717
1400000US42003463900,42003463900,1240,520,720
1400000US42003464300,42003464300,1606,1068,538
1400000US42003464400,42003464400,1584,605,979
1400000US42003465600,42003465600,1237,593,644
1400000US42003465800,42003465800,1563,924,639
1400000US42003468700,42003468700,769,508,261
1400000US42003468800,42003468800,1223,628,595
1400000US42003468900,42003468900,1887,796,1091
1400000US42003469000,42003469000,2091,1818,273
1400000US42003470300,42003470300,1758,1257,501
1400000US42003470400,42003470400,1340,1183,157
1400000US42003470501,42003470501,1974,727,1247
1400000US42003470502,42003470502,1300,1127,173
1400000US42003470600,42003470600,1442,789,653
1400000US42003471000,42003471000,628,393,235
1400000US42003472100,42003472100,1248,645,603
1400000US42003472200,42003472200,1050,563,487
1400000US42003472300,42003472300,966,465,501
1400000US42003472400,42003472400,753,630,123
1400000US42003473100,42003473100,2165,1221,944
1400000US42003473200,42003473200,1551,932,619
1400000US42003473300,42003473300,2189,1762,427
1400000US42003473401,42003473401,1546,988,558
1400000US42003473402,42003473402,1517,1111,406
1400000US42003473500,42003473500,1287,1183,104
1400000US42003473601,42003473601,1607,1287,320
1400000US42003473602,42003473602,2047,1721,326
1400000US42003474101,42003474101,1345,1310,35
1400000US42003474102,42003474102,1361,1226,135
1400000US42003474201,42003474201,899,868,31
1400000US42003474202,42003474202,1869,1545,324
1400000US42003474203,42003474203,1669,1576,93
1400000US42003475101,42003475101,2235,1352,883
1400000US42003475102,42003475102,642,599,43
1400000US42003475200,42003475200,1915,1773,142
1400000US42003475301,42003475301,2066,1209,857
1400000US42003475303,42003475303,1570,1522,48
1400000US42003475304,42003475304,2228,1828,400
1400000US42003475401,42003475401,1587,1298,289
1400000US42003475402,42003475402,1246,1024,222
1400000US42003476100,42003476100,2443,1133,1310
1400000US42003476200,42003476200,1451,1243,208
1400000US42003477100,42003477100,1531,1457,74
1400000US42003477200,42003477200,1771,1349,422
1400000US42003477300,42003477300,2538,1487,1051
1400000US42003478100,42003478100,1892,1116,776
1400000US42003478200,42003478200,2084,1371,713
1400000US42003479000,42003479000,859,795,64
1400000US42003480101,42003480101,2172,1077,1095
1400000US42003480102,42003480102,1273,1110,163
1400000US42003480200,42003480200,1316,1071,245
1400000US42003480300,42003480300,1382,1257,125
1400000US42003480400,42003480400,2074,1744,330
1400000US42003481000,42003481000,1250,581,669
1400000US42003482500,42003482500,818,647,171
1400000US42003483800,42003483800,1395,552,843
1400000US42003484300,42003484300,1387,770,617
1400000US42003484500,42003484500,2664,1796,868
1400000US42003484600,42003484600,1046,568,478
1400000US42003485000,42003485000,526,322,204
1400000US42003486700,42003486700,1019,311,708
1400000US42003486800,42003486800,721,330,391
1400000US42003486900,42003486900,540,285,255
1400000US42003487000,42003487000,912,553,359
1400000US42003488100,42003488100,922,815,107
1400000US42003488200,42003488200,1284,918,366
1400000US42003488300,42003488300,934,838,96
1400000US42003488400,42003488400,2122,1569,553
1400000US42003488500,42003488500,1265,909,356
1400000US42003488600,42003488600,2185,1721,464
1400000US42003489001,42003489001,2068,1443,625
1400000US42003489002,42003489002,1532,1354,178
1400000US42003490002,42003490002,2130,1414,716
1400000US42003490003,42003490003,1479,1288,191
1400000US42003490004,42003490004,1915,1755,160
1400000US42003491101,42003491101,2567,2182,385
1400000US42003491200,42003491200,881,606,275
1400000US42003492700,42003492700,857,439,418
1400000US42003492800,42003492800,1220,584,636
1400000US42003492900,42003492900,914,615,299
1400000US42003494000,42003494000,636,357,279
1400000US42003495000,42003495000,1499,1313,186
1400000US42003496101,42003496101,1222,1183,39
1400000US42003496102,42003496102,1854,1502,352
1400000US42003496200,42003496200,2429,1788,641
1400000US42003497000,42003497000,467,438,29
1400000US42003498000,42003498000,1139,970,169
1400000US42003499300,42003499300,731,564,167
1400000US42003499400,42003499400,1298,708,590
1400000US42003500300,42003500300,1856,1423,433
1400000US42003501000,42003501000,812,407,405
1400000US42003503002,42003503002,2777,1954,823
1400000US42003504100,42003504100,2340,1346,994
1400000US42003507000,42003507000,975,537,438
1400000US42003508000,42003508000,937,250,687
1400000US42003509400,42003509400,2442,977,1465
1400000US42003510000,42003510000,797,218,579
1400000US42003512000,42003512000,1116,550,566
1400000US42003512800,42003512800,611,267,344
1400000US42003512900,42003512900,510,284,226
1400000US42003513800,42003513800,696,308,388
1400000US42003514000,42003514000,943,272,671
1400000US42003515100,42003515100,1349,525,824
1400000US42003515200,42003515200,1162,516,646
1400000US42003515300,42003515300,875,394,481
1400000US42003515401,42003515401,1025,677,348
1400000US42003516100,42003516100,710,453,257
1400000US42003516200,42003516200,859,495,364
1400000US42003517000,42003517000,956,494,462
1400000US42003518001,42003518001,1577,1390,187
1400000US42003519000,42003519000,1270,1138,132
1400000US42003520001,42003520001,1501,1019,482
1400000US42003520002,42003520002,1501,1032,469
1400000US42003521100,42003521100,1800,1693,107
1400000US42003521200,42003521200,1922,1194,728
1400000US42003521301,42003521301,2096,750,1346
1400000US42003521302,42003521302,2147,846,1301
1400000US42003521401,42003521401,1288,913,375
1400000US42003521402,42003521402,1517,1426,91
1400000US42003521500,42003521500,1869,1522,347
1400000US42003522000,42003522000,1498,676,822
1400000US42003523100,42003523100,1528,1226,302
1400000US42003523200,42003523200,1729,1169,560
1400000US42003523300,42003523300,1693,1205,488
1400000US42003523400,42003523400,2339,1685,654
1400000US42003523501,42003523501,1918,1457,461
1400000US42003523502,42003523502,663,470,193
1400000US42003523600,42003523600,1999,1540,459
1400000US42003523701,42003523701,1802,1427,375
1400000US42003523702,42003523702,2509,1660,849
1400000US42003523800,42003523800,2194,1869,325
1400000US42003524000,42003524000,1242,580,662
1400000US42003525100,42003525100,954,788,166
1400000US42003525200,42003525200,1201,517,684
1400000US42003525300,42003525300,938,629,309
1400000US42003526101,42003526101,2997,2416,581
1400000US42003526102,42003526102,893,664,229
1400000US42003526201,42003526201,1529,1402,127
1400000US42003526202,42003526202,1885,1562,323
1400000US42003526301,42003526301,1725,1674,51
1400000US42003526302,42003526302,2205,1417,788
1400000US42003550900,42003550900,698,315,383
1400000US42003551200,42003551200,1686,811,875
1400000US42003551300,42003551300,1250,900,350
1400000US42003551900,42003551900,951,131,820
1400000US42003552000,42003552000,1134,710,424
1400000US42003552100,42003552100,544,61,483
1400000US42003552200,42003552200,491,272,219
1400000US42003552300,42003552300,877,535,342
1400000US42003552400,42003552400,1282,875,407
1400000US42003560400,42003560400,903,115,788
1400000US42003560500,42003560500,1342,605,737
1400000US42003560600,42003560600,585,118,467
1400000US42003561000,42003561000,581,212,369
1400000US42003561100,42003561100,393,172,221
1400000US42003561200,42003561200,498,245,253
1400000US42003561400,42003561400,2636,932,1704
1400000US42003561500,42003561500,1738,860,878
1400000US42003561600,42003561600,890,544,346
1400000US42003561700,42003561700,344,185,159
1400000US42003561900,42003561900,1073,514,559
1400000US42003562000,42003562000,1813,306,1507
1400000US42003562300,42003562300,1408,571,837
1400000US42003562400,42003562400,1214,836,378
1400000US42003562500,42003562500,1101,681,420
1400000US42003562600,42003562600,1026,512,514
1400000US42003562700,42003562700,1205,125,1080
1400000US42003562800,42003562800,792,379,413
1400000US42003562900,42003562900,813,510,303
1400000US42003563000,42003563000,1293,747,546
1400000US42003563100,42003563100,1708,1222,486
1400000US42003563200,42003563200,1506,419,1087
1400000US42003563300,42003563300,555,500,55
1400000US42003563800,42003563800,1695,1208,487
1400000US42003563900,42003563900,1973,1284,689
1400000US42003564000,42003564000,2447,1939,508
1400000US42003564100,42003564100,358,349,9
1400000US42003564200,42003564200,1064,786,278
1400000US42003564400,42003564400,2711,2061,650
1400000US42003564500,42003564500,1241,1054,187
1400000US42003980000,42003980000,0,0,0
1400000US42003980100,42003980100,22,9,13
1400000US42003980300,42003980300,0,0,0
1400000US42003980400,42003980400,0,0,0
1400000US42003980500,42003980500,8,8,0
1400000US42003980600,42003980600,3,3,0
1400000US42003980700,42003980700,4,0,4
1400000US42003980800,42003980800,0,0,0
1400000US42003980900,42003980900,0,0,0
1400000US42003981000,42003981000,0,0,0
1400000US42003981100,42003981100,4,0,4
1400000US42003981200,42003981200,0,0,0
1400000US42003981800,42003981800,12,4,8
1400000US42003982200,42003982200,19,4,15
1400000US42005950100,42005950100,1914,1486,428
1400000US42005950200,42005950200,844,730,114
1400000US42005950300,42005950300,1255,1003,252
1400000US42005950400,42005950400,952,791,161
1400000US42005950500,42005950500,2259,1812,447
1400000US42005950600,42005950600,1289,999,290
1400000US42005950700,42005950700,1574,1370,204
1400000US42005950800,42005950800,1581,1331,250
1400000US42005950900,42005950900,2154,1667,487
1400000US42005951000,42005951000,1385,838,547
1400000US42005951100,42005951100,1904,830,1074
1400000US42005951200,42005951200,2404,2084,320
1400000US42005951300,42005951300,1078,989,89
1400000US42005951400,42005951400,1120,814,306
1400000US42005951500,42005951500,1227,832,395
1400000US42005951600,42005951600,1964,1642,322
1400000US42005951700,42005951700,1529,1133,396
1400000US42005951800,42005951800,1013,628,385
1400000US42005951900,42005951900,796,442,354
1400000US42007600601,42007600601,835,670,165
1400000US42007600602,42007600602,1039,970,69
1400000US42007600700,42007600700,3047,2529,518
1400000US42007601000,42007601000,1498,1089,409
1400000US42007601100,42007601100,1003,603,400
1400000US42007601200,42007601200,1209,449,760
1400000US42007601300,42007601300,1064,503,561
1400000US42007601400,42007601400,1481,815,666
1400000US42007601600,42007601600,636,413,223
1400000US42007601700,42007601700,1284,1131,153
1400000US42007601800,42007601800,3375,2719,656
1400000US42007602100,42007602100,1666,807,859
1400000US42007602300,42007602300,1139,672,467
1400000US42007602400,42007602400,877,667,210
1400000US42007602500,42007602500,733,257,476
1400000US42007602601,42007602601,1865,1714,151
1400000US42007602602,42007602602,1300,1117,183
1400000US42007602701,42007602701,734,648,86
1400000US42007602702,42007602702,1419,1226,193
1400000US42007602800,42007602800,1134,477,657
1400000US42007602900,42007602900,1008,910,98
1400000US42007603000,42007603000,1190,1060,130
1400000US42007603202,42007603202,2559,2245,314
1400000US42007603300,42007603300,1748,1260,488
1400000US42007603400,42007603400,906,455,451
1400000US42007603500,42007603500,619,390,229
1400000US42007603600,42007603600,972,789,183
1400000US42007603700,42007603700,1857,1265,592
1400000US42007603801,42007603801,1217,1193,24
1400000US42007603802,42007603802,1250,1214,36
1400000US42007603803,42007603803,1392,1315,77
1400000US42007603900,42007603900,1368,1287,81
1400000US42007604000,42007604000,1139,525,614
1400000US42007604100,42007604100,1163,507,656
1400000US42007604200,42007604200,804,347,457
1400000US42007604500,42007604500,1097,434,663
1400000US42007604600,42007604600,1519,931,588
1400000US42007604700,42007604700,700,413,287
1400000US42007604800,42007604800,1814,1467,347
1400000US42007604901,42007604901,1567,1248,319
1400000US42007604902,42007604902,1975,1624,351
1400000US42007605001,42007605001,1005,881,124
1400000US42007605002,42007605002,1351,1210,141
1400000US42007605100,42007605100,1884,1508,376
1400000US42007605200,42007605200,1124,670,454
1400000US42007605300,42007605300,1309,1077,232
1400000US42007605400,42007605400,1652,696,956
1400000US42007605500,42007605500,2019,1556,463
1400000US42007605600,42007605600,1415,1038,377
1400000US42007605700,42007605700,1008,632,376
1400000US42007605800,42007605800,2415,1986,429
1400000US42009960100,42009960100,1453,1151,302
1400000US42009960200,42009960200,1430,1207,223
1400000US42009960300,42009960300,1971,1628,343
1400000US42009960400,42009960400,1930,1615,315
1400000US42009960500,42009960500,1476,1156,320
1400000US42009960600,42009960600,2123,1547,576
1400000US42009960700,42009960700,1327,701,626
1400000US42009960800,42009960800,2065,1753,312
1400000US42009960900,42009960900,1946,1576,370
1400000US42009961000,42009961000,2307,1944,363
1400000US42009961100,42009961100,1638,1364,274
1400000US42011000100,42011000100,2330,395,1935
1400000US42011000200,42011000200,1703,474,1229
1400000US42011000300,42011000300,732,553,179
1400000US42011000400,42011000400,1368,551,817
1400000US42011000500,42011000500,1193,746,447
1400000US42011000600,42011000600,905,605,300
1400000US42011000700,42011000700,1117,711,406
1400000US42011000800,42011000800,1198,512,686
1400000US42011000900,42011000900,890,263,627
1400000US42011001000,42011001000,968,398,570
1400000US42011001100,42011001100,1190,580,610
1400000US42011001200,42011001200,498,202,296
1400000US42011001300,42011001300,1076,284,792
1400000US42011001400,42011001400,1294,372,922
1400000US42011001500,42011001500,992,384,608
1400000US42011001600,42011001600,866,395,471
1400000US42011001700,42011001700,980,355,625
1400000US42011001800,42011001800,948,482,466
1400000US42011001900,42011001900,1074,266,808
1400000US42011002000,42011002000,1400,673,727
1400000US42011002100,42011002100,831,409,422
1400000US42011002200,42011002200,605,206,399
1400000US42011002300,42011002300,696,261,435
1400000US42011002500,42011002500,1328,385,943
1400000US42011002600,42011002600,1128,147,981
1400000US42011002700,42011002700,844,595,249
1400000US42011002900,42011002900,826,561,265
1400000US42011010100,42011010100,2033,1770,263
1400000US42011010201,42011010201,1761,1462,299
1400000US42011010202,42011010202,2026,1606,420
1400000US42011010302,42011010302,1117,988,129
1400000US42011010303,42011010303,822,591,231
1400000US42011010304,42011010304,1812,1606,206
1400000US42011010400,42011010400,2879,2421,458
1400000US42011010500,42011010500,2390,1844,546
1400000US42011010600,42011010600,3173,2720,453
1400000US42011010700,42011010700,2637,2335,302
1400000US42011010801,42011010801,732,636,96
1400000US42011010802,42011010802,3490,2447,1043
1400000US42011010902,42011010902,1542,813,729
1400000US42011010903,42011010903,2437,2044,393
1400000US42011010904,42011010904,1427,1259,168
1400000US42011010905,42011010905,1812,1474,338
1400000US42011011000,42011011000,1836,1511,325
1400000US42011011101,42011011101,1034,239,795
1400000US42011011102,42011011102,2203,1764,439
1400000US42011011200,42011011200,1657,962,695
1400000US42011011300,42011011300,1083,892,191
1400000US42011011400,42011011400,2193,1693,500
1400000US42011011500,42011011500,1312,920,392
1400000US42011011601,42011011601,2194,1182,1012
1400000US42011011602,42011011602,1640,1515,125
1400000US42011011603,42011011603,2781,1748,1033
1400000US42011011701,42011011701,2631,2388,243
1400000US42011011702,42011011702,1696,1491,205
1400000US42011011703,42011011703,1476,1254,222
1400000US42011011800,42011011800,1980,1583,397
1400000US42011011902,42011011902,1521,1346,175
1400000US42011011903,42011011903,1598,1547,51
1400000US42011011904,42011011904,2879,2190,689
1400000US42011012001,42011012001,958,812,146
1400000US42011012002,42011012002,3703,2973,730
1400000US42011012101,42011012101,792,555,237
1400000US42011012103,42011012103,897,784,113
1400000US42011012104,42011012104,1280,1091,189
1400000US42011012105,42011012105,2971,2902,69
1400000US42011012200,42011012200,1270,863,407
1400000US42011012300,42011012300,1828,1284,544
1400000US42011012400,42011012400,2514,1824,690
1400000US42011012500,42011012500,789,693,96
1400000US42011012600,42011012600,854,675,179
1400000US42011012700,42011012700,3565,3280,285
1400000US42011012800,42011012800,1552,1254,298
1400000US42011012900,42011012900,3160,2559,601
1400000US42011013000,42011013000,2687,2525,162
1400000US42011013100,42011013100,2090,1764,326
1400000US42011013200,42011013200,1904,932,972
1400000US42011013301,42011013301,1212,1068,144
1400000US42011013302,42011013302,2277,1844,433
1400000US42011013401,42011013401,2970,2752,218
1400000US42011013402,42011013402,1185,1044,141
1400000US42011013500,42011013500,4350,3832,518
1400000US42011013600,42011013600,1548,1235,313
1400000US42011013701,42011013701,1421,1032,389
1400000US42011013702,42011013702,1571,1199,372
1400000US42011013800,42011013800,1948,1389,559
1400000US42011013900,42011013900,3203,2418,785
1400000US42011014000,42011014000,1994,1082,912
1400000US42011014100,42011014100,1462,1084,378
1400000US42011014200,42011014200,3137,2349,788
1400000US42013010101,42013010101,1515,1290,225
1400000US42013010102,42013010102,1209,496,713
1400000US42013010103,42013010103,1011,753,258
1400000US42013010401,42013010401,736,494,242
1400000US42013010402,42013010402,2538,2078,460
1400000US42013010500,42013010500,1742,1511,231
1400000US42013010600,42013010600,1080,883,197
1400000US42013010700,42013010700,2676,2065,611
1400000US42013010800,42013010800,1316,999,317
1400000US42013010900,42013010900,2744,2408,336
1400000US42013011001,42013011001,1554,1348,206
1400000US42013011002,42013011002,1704,1214,490
1400000US42013011100,42013011100,2541,1994,547
1400000US42013011200,42013011200,2842,1385,1457
1400000US42013011300,42013011300,2361,1692,669
1400000US42013011400,42013011400,1018,760,258
1400000US42013011500,42013011500,2428,1858,570
1400000US42013011600,42013011600,1649,1076,573
1400000US42013100200,42013100200,971,768,203
1400000US42013100300,42013100300,1329,721,608
1400000US42013100400,42013100400,612,481,131
1400000US42013100500,42013100500,1348,957,391
1400000US42013100600,42013100600,1014,771,243
1400000US42013100700,42013100700,940,459,481
1400000US42013100800,42013100800,594,491,103
1400000US42013100900,42013100900,1673,1211,462
1400000US42013101100,42013101100,651,461,190
1400000US42013101200,42013101200,1841,1169,672
1400000US42013101400,42013101400,1452,839,613
1400000US42013101500,42013101500,1452,1166,286
1400000US42013101600,42013101600,1358,613,745
1400000US42013101700,42013101700,1522,903,619
1400000US42013101800,42013101800,1201,825,376
1400000US42013101900,42013101900,1016,46,970
1400000US42015950100,42015950100,1552,1313,239
1400000US42015950200,42015950200,1956,1668,288
1400000US42015950300,42015950300,2559,1315,1244
1400000US42015950400,42015950400,1326,881,445
1400000US42015950500,42015950500,2693,2255,438
1400000US42015950600,42015950600,1544,1320,224
1400000US42015950700,42015950700,1808,1295,513
1400000US42015950800,42015950800,1513,1214,299
1400000US42015950900,42015950900,2224,1661,563
1400000US42015951000,42015951000,1304,760,544
1400000US42015951100,42015951100,1156,916,240
1400000US42015951200,42015951200,2119,1770,349
1400000US42015951300,42015951300,1547,1258,289
1400000US42015951400,42015951400,1550,969,581
1400000US42017100102,42017100102,1322,317,1005
1400000US42017100103,42017100103,1107,538,569
1400000US42017100104,42017100104,1771,622,1149
1400000US42017100105,42017100105,1187,1058,129
1400000US42017100201,42017100201,1593,1375,218
1400000US42017100206,42017100206,1904,1042,862
1400000US42017100207,42017100207,1718,753,965
1400000US42017100208,42017100208,2624,962,1662
1400000US42017100209,42017100209,3636,1622,2014
1400000US42017100210,42017100210,2668,2529,139
1400000US42017100211,42017100211,2903,1679,1224
1400000US42017100212,42017100212,1401,1368,33
1400000US42017100302,42017100302,1690,1343,347
1400000US42017100303,42017100303,1643,1131,512
1400000US42017100304,42017100304,1064,318,746
1400000US42017100306,42017100306,1334,825,509
1400000US42017100307,42017100307,1942,1229,713
1400000US42017100401,42017100401,2385,1825,560
1400000US42017100402,42017100402,2340,1655,685
1400000US42017100403,42017100403,804,608,196
1400000US42017100404,42017100404,2249,1821,428
1400000US42017100406,42017100406,1410,968,442
1400000US42017100407,42017100407,425,411,14
1400000US42017100408,42017100408,2134,1987,147
1400000US42017100500,42017100500,1031,640,391
1400000US42017100600,42017100600,1483,660,823
1400000US42017100700,42017100700,1246,576,670
1400000US42017100803,42017100803,1632,1302,330
1400000US42017100804,42017100804,1219,1175,44
1400000US42017100805,42017100805,2062,1842,220
1400000US42017100807,42017100807,1713,1368,345
1400000US42017100808,42017100808,2001,1440,561
1400000US42017100809,42017100809,1938,1636,302
1400000US42017100811,42017100811,2010,521,1489
1400000US42017100900,42017100900,2705,2392,313
1400000US42017101100,42017101100,1079,467,612
1400000US42017101401,42017101401,1544,1449,95
1400000US42017101403,42017101403,2138,2098,40
1400000US42017101404,42017101404,859,699,160
1400000US42017101405,42017101405,2544,1484,1060
1400000US42017101503,42017101503,1563,1330,233
1400000US42017101504,42017101504,1112,733,379
1400000US42017101505,42017101505,1156,1087,69
1400000US42017101506,42017101506,2044,1728,316
1400000US42017101603,42017101603,1194,801,393
1400000US42017101605,42017101605,1595,337,1258
1400000US42017101607,42017101607,1449,1056,393
1400000US42017101609,42017101609,1695,1531,164
1400000US42017101610,42017101610,1744,1626,118
1400000US42017101611,42017101611,2647,2355,292
1400000US42017101802,42017101802,1971,1884,87
1400000US42017101803,42017101803,3087,2713,374
1400000US42017101805,42017101805,750,733,17
1400000US42017101807,42017101807,1517,975,542
1400000US42017101808,42017101808,1089,624,465
1400000US42017101900,42017101900,1539,1304,235
1400000US42017102002,42017102002,917,877,40
1400000US42017102003,42017102003,1499,1329,170
1400000US42017102004,42017102004,1805,1383,422
1400000US42017102102,42017102102,1237,1038,199
1400000US42017102104,42017102104,2140,1757,383
1400000US42017102300,42017102300,2003,1543,460
1400000US42017102401,42017102401,1678,1082,596
1400000US42017102402,42017102402,1711,1237,474
1400000US42017102500,42017102500,1635,1249,386
1400000US42017102600,42017102600,992,493,499
1400000US42017102700,42017102700,2247,1677,570
1400000US42017102801,42017102801,1252,1182,70
1400000US42017103101,42017103101,921,563,358
1400000US42017103102,42017103102,779,449,330
1400000US42017103103,42017103103,1909,1089,820
1400000US42017103300,42017103300,865,768,97
1400000US42017103400,42017103400,2084,1786,298
1400000US42017103700,42017103700,1426,1144,282
1400000US42017103800,42017103800,552,457,95
1400000US42017103900,42017103900,1809,1483,326
1400000US42017104000,42017104000,2677,2440,237
1400000US42017104100,42017104100,899,449,450
1400000US42017104201,42017104201,1084,963,121
1400000US42017104203,42017104203,1972,1718,254
1400000US42017104204,42017104204,1737,1520,217
1400000US42017104301,42017104301,1117,964,153
1400000US42017104303,42017104303,1987,1775,212
1400000US42017104304,42017104304,503,455,48
1400000US42017104400,42017104400,1164,683,481
1400000US42017104502,42017104502,3000,2721,279
1400000US42017104503,42017104503,1467,1324,143
1400000US42017104505,42017104505,1902,1801,101
1400000US42017104506,42017104506,845,789,56
1400000US42017104601,42017104601,1608,1488,120
1400000US42017104603,42017104603,1995,1527,468
1400000US42017104604,42017104604,2291,1643,648
1400000US42017104701,42017104701,1717,594,1123
1400000US42017104702,42017104702,1136,636,500
1400000US42017104703,42017104703,918,853,65
1400000US42017104800,42017104800,982,761,221
1400000US42017104901,42017104901,2482,2378,104
1400000US42017104902,42017104902,2845,2706,139
1400000US42017105003,42017105003,1654,1617,37
1400000US42017105004,42017105004,1830,1769,61
1400000US42017105006,42017105006,1833,1787,46
1400000US42017105008,42017105008,1391,1100,291
1400000US42017105009,42017105009,1556,959,597
1400000US42017105010,42017105010,1535,1381,154
1400000US42017105011,42017105011,1347,1049,298
1400000US42017105012,42017105012,930,893,37
1400000US42017105013,42017105013,1899,1893,6
1400000US42017105100,42017105100,1057,966,91
1400000US42017105202,42017105202,2202,1745,457
1400000US42017105203,42017105203,737,646,91
1400000US42017105206,42017105206,1895,1647,248
1400000US42017105207,42017105207,1925,1628,297
1400000US42017105208,42017105208,728,706,22
1400000US42017105300,42017105300,940,687,253
1400000US42017105400,42017105400,2865,2646,219
1400000US42017105505,42017105505,1478,1364,114
1400000US42017105506,42017105506,1269,1238,31
1400000US42017105507,42017105507,2462,2433,29
1400000US42017105508,42017105508,1118,1113,5
1400000US42017105509,42017105509,1542,1479,63
1400000US42017105510,42017105510,2594,1659,935
1400000US42017105511,42017105511,1537,1474,63
1400000US42017105600,42017105600,1068,774,294
1400000US42017105702,42017105702,1262,602,660
1400000US42017105704,42017105704,2542,1633,909
1400000US42017105801,42017105801,2301,1462,839
1400000US42017105805,42017105805,2233,1435,798
1400000US42017105807,42017105807,1578,773,805
1400000US42017105808,42017105808,1283,1179,104
1400000US42017105809,42017105809,1485,1263,222
1400000US42017105810,42017105810,807,633,174
1400000US42017105811,42017105811,2097,1651,446
1400000US42017105812,42017105812,584,557,27
1400000US42017105900,42017105900,735,446,289
1400000US42017106000,42017106000,1636,1049,587
1400000US42017106100,42017106100,859,579,280
1400000US42017106200,42017106200,3071,1649,1422
1400000US42017106300,42017106300,2478,1871,607
1400000US42017106401,42017106401,2735,2403,332
1400000US42017106402,42017106402,2825,2515,310
1400000US42017106500,42017106500,2797,2327,470
1400000US42017106600,42017106600,810,664,146
1400000US42017980000,42017980000,0,0,0
1400000US42019902100,42019902100,1021,613,408
1400000US42019902200,42019902200,878,389,489
1400000US42019902300,42019902300,1274,571,703
1400000US42019902400,42019902400,1191,243,948
1400000US42019902500,42019902500,1617,792,825
1400000US42019902600,42019902600,1215,1058,157
1400000US42019902700,42019902700,960,709,251
1400000US42019902800,42019902800,1342,864,478
1400000US42019902900,42019902900,802,719,83
1400000US42019903000,42019903000,1937,1678,259
1400000US42019903100,42019903100,1218,714,504
1400000US42019910100,42019910100,1726,1489,237
1400000US42019910200,42019910200,1939,1577,362
1400000US42019910301,42019910301,2086,1311,775
1400000US42019910302,42019910302,1792,1352,440
1400000US42019910400,42019910400,1089,345,744
1400000US42019910500,42019910500,4,4,0
1400000US42019910600,42019910600,1710,1384,326
1400000US42019910700,42019910700,1158,1053,105
1400000US42019910800,42019910800,1201,1007,194
1400000US42019910900,42019910900,2178,1674,504
1400000US42019911000,42019911000,2729,2406,323
1400000US42019911100,42019911100,1987,1665,322
1400000US42019911200,42019911200,2188,1562,626
1400000US42019911300,42019911300,2112,1701,411
1400000US42019911400,42019911400,1620,1122,498
1400000US42019911501,42019911501,2138,1700,438
1400000US42019911502,42019911502,1788,1400,388
1400000US42019911600,42019911600,2075,1912,163
1400000US42019911700,42019911700,1848,1365,483
1400000US42019911800,42019911800,2455,2047,408
1400000US42019911900,42019911900,2186,1372,814
1400000US42019912001,42019912001,1772,1723,49
1400000US42019912002,42019912002,2268,1411,857
1400000US42019912101,42019912101,1695,1418,277
1400000US42019912102,42019912102,1110,880,230
1400000US42019912200,42019912200,1376,1006,370
1400000US42019912301,42019912301,2048,1821,227
1400000US42019912303,42019912303,1232,859,373
1400000US42019912304,42019912304,1224,1107,117
1400000US42019912401,42019912401,3282,2926,356
1400000US42019912402,42019912402,2869,1980,889
1400000US42019912700,42019912700,3062,2755,307
1400000US42019912800,42019912800,2194,1946,248
1400000US42021000100,42021000100,894,41,853
1400000US42021000200,42021000200,301,187,114
1400000US42021000300,42021000300,707,358,349
1400000US42021000500,42021000500,831,411,420
1400000US42021000600,42021000600,800,462,338
1400000US42021000700,42021000700,1414,787,627
1400000US42021001200,42021001200,1451,841,610
1400000US42021010100,42021010100,1723,1564,159
1400000US42021010200,42021010200,609,414,195
1400000US42021010300,42021010300,970,845,125
1400000US42021010500,42021010500,1730,1409,321
1400000US42021010600,42021010600,1103,793,310
1400000US42021010700,42021010700,1243,1031,212
1400000US42021010801,42021010801,2321,1664,657
1400000US42021011000,42021011000,695,478,217
1400000US42021011100,42021011100,2239,1728,511
1400000US42021011200,42021011200,939,695,244
1400000US42021011300,42021011300,2096,1785,311
1400000US42021011400,42021011400,1779,1535,244
1400000US42021011500,42021011500,1738,1603,135
1400000US42021011600,42021011600,1157,909,248
1400000US42021011700,42021011700,965,803,162
1400000US42021011800,42021011800,1586,1399,187
1400000US42021011900,42021011900,1479,1111,368
1400000US42021012000,42021012000,2459,2007,452
1400000US42021012100,42021012100,950,857,93
1400000US42021012200,42021012200,1465,1227,238
1400000US42021012300,42021012300,832,665,167
1400000US42021012400,42021012400,1448,1289,159
1400000US42021012500,42021012500,2133,1924,209
1400000US42021012600,42021012600,1644,813,831
1400000US42021012700,42021012700,1046,896,150
1400000US42021012800,42021012800,1854,1334,520
1400000US42021012900,42021012900,1401,1191,210
1400000US42021013000,42021013000,1137,826,311
1400000US42021013100,42021013100,956,865,91
1400000US42021013200,42021013200,1593,1331,262
1400000US42021013300,42021013300,2238,1912,326
1400000US42021013400,42021013400,1143,464,679
1400000US42021013500,42021013500,1062,421,641
1400000US42021013600,42021013600,1500,733,767
1400000US42021013700,42021013700,1523,847,676
1400000US42023960100,42023960100,907,470,437
1400000US42023960200,42023960200,1289,1113,176
1400000US42025020102,42025020102,1787,1212,575
1400000US42025020103,42025020103,1569,1427,142
1400000US42025020105,42025020105,2160,1704,456
1400000US42025020106,42025020106,764,716,48
1400000US42025020200,42025020200,2770,2145,625
1400000US42025020300,42025020300,2453,1655,798
1400000US42025020400,42025020400,1764,1162,602
1400000US42025020500,42025020500,2826,2506,320
1400000US42025020600,42025020600,2219,1254,965
1400000US42025020700,42025020700,2134,1785,349
1400000US42025020800,42025020800,3385,3034,351
1400000US42025020900,42025020900,2147,1492,655
1400000US42027010100,42027010100,1654,1368,286
1400000US42027010200,42027010200,1176,1042,134
1400000US42027010300,42027010300,1472,841,631
1400000US42027010400,42027010400,1435,1261,174
1400000US42027010500,42027010500,2107,1766,341
1400000US42027010600,42027010600,1491,1110,381
1400000US42027010700,42027010700,2165,1810,355
1400000US42027010800,42027010800,1886,1549,337
1400000US42027010900,42027010900,2993,2459,534
1400000US42027011000,42027011000,3298,2481,817
1400000US42027011100,42027011100,2714,1492,1222
1400000US42027011201,42027011201,2398,2179,219
1400000US42027011300,42027011300,3513,919,2594
1400000US42027011400,42027011400,2574,1948,626
1400000US42027011501,42027011501,1370,1024,346
1400000US42027011502,42027011502,3214,1061,2153
1400000US42027011600,42027011600,1397,1102,295
1400000US42027011702,42027011702,2316,1741,575
1400000US42027011800,42027011800,2196,1804,392
1400000US42027011901,42027011901,966,871,95
1400000US42027011902,42027011902,2911,2572,339
1400000US42027012000,42027012000,1848,263,1585
1400000US42027012100,42027012100,18,0,18
1400000US42027012200,42027012200,165,0,165
1400000US42027012300,42027012300,909,648,261
1400000US42027012400,42027012400,2211,298,1913
1400000US42027012500,42027012500,1617,14,1603
1400000US42027012600,42027012600,1397,201,1196
1400000US42027012700,42027012700,1565,857,708
1400000US42027012800,42027012800,2729,746,1983
1400000US42027981202,42027981202,5,0,5
1400000US42029300101,42029300101,1225,1053,172
1400000US42029300103,42029300103,1119,634,485
1400000US42029300104,42029300104,1944,1617,327
1400000US42029300106,42029300106,2170,1670,500
1400000US42029300107,42029300107,1461,1416,45
1400000US42029300108,42029300108,2648,1538,1110
1400000US42029300109,42029300109,1246,1141,105
1400000US42029300201,42029300201,1952,1588,364
1400000US42029300202,42029300202,1881,1822,59
1400000US42029300301,42029300301,1719,1462,257
1400000US42029300302,42029300302,1249,1165,84
1400000US42029300303,42029300303,1276,987,289
1400000US42029300400,42029300400,1629,961,668
1400000US42029300501,42029300501,1624,1545,79
1400000US42029300502,42029300502,1353,1205,148
1400000US42029300600,42029300600,1967,1306,661
1400000US42029300700,42029300700,2344,1032,1312
1400000US42029300800,42029300800,2108,815,1293
1400000US42029300900,42029300900,941,713,228
1400000US42029301000,42029301000,3030,2469,561
1400000US42029301100,42029301100,1490,746,744
1400000US42029301300,42029301300,2436,1934,502
1400000US42029301401,42029301401,1262,717,545
1400000US42029301402,42029301402,1950,1620,330
1400000US42029301500,42029301500,961,857,104
1400000US42029301600,42029301600,1049,944,105
1400000US42029301700,42029301700,631,545,86
1400000US42029301800,42029301800,1719,1494,225
1400000US42029301900,42029301900,1493,1412,81
1400000US42029302000,42029302000,1858,1631,227
1400000US42029302101,42029302101,2387,1724,663
1400000US42029302102,42029302102,1468,948,520
1400000US42029302202,42029302202,2800,1554,1246
1400000US42029302203,42029302203,1848,1522,326
1400000US42029302204,42029302204,2181,1787,394
1400000US42029302300,42029302300,1413,509,904
1400000US42029302400,42029302400,1803,826,977
1400000US42029302500,42029302500,1922,807,1115
1400000US42029302600,42029302600,1738,442,1296
1400000US42029302702,42029302702,2028,1011,1017
1400000US42029302703,42029302703,1471,1373,98
1400000US42029302704,42029302704,1805,1698,107
1400000US42029302705,42029302705,1526,890,636
1400000US42029302706,42029302706,1848,1184,664
1400000US42029302802,42029302802,2061,1705,356
1400000US42029302803,42029302803,1182,1065,117
1400000US42029302804,42029302804,1643,1015,628
1400000US42029302805,42029302805,3385,2040,1345
1400000US42029302901,42029302901,1768,1489,279
1400000US42029302902,42029302902,2059,1677,382
1400000US42029303000,42029303000,1192,910,282
1400000US42029303100,42029303100,1437,1407,30
1400000US42029303301,42029303301,1120,812,308
1400000US42029303302,42029303302,2018,1706,312
1400000US42029303401,42029303401,1347,781,566
1400000US42029303402,42029303402,673,311,362
1400000US42029303501,42029303501,1742,1531,211
1400000US42029303502,42029303502,1090,923,167
1400000US42029303801,42029303801,1559,1392,167
1400000US42029303802,42029303802,2761,2693,68
1400000US42029303901,42029303901,1511,1378,133
1400000US42029303902,42029303902,2191,1920,271
1400000US42029304000,42029304000,2014,1155,859
1400000US42029304101,42029304101,1929,1002,927
1400000US42029304102,42029304102,1380,774,606
1400000US42029304201,42029304201,2776,2086,690
1400000US42029304300,42029304300,2873,2673,200
1400000US42029304403,42029304403,1487,1310,177
1400000US42029304404,42029304404,2071,1165,906
1400000US42029304405,42029304405,1943,1869,74
1400000US42029304406,42029304406,1326,973,353
1400000US42029304501,42029304501,2688,2564,124
1400000US42029304502,42029304502,1045,977,68
1400000US42029304600,42029304600,1165,1059,106
1400000US42029304900,42029304900,2678,1958,720
1400000US42029305000,42029305000,714,478,236
1400000US42029305101,42029305101,1711,1536,175
1400000US42029305102,42029305102,1628,1477,151
1400000US42029305300,42029305300,2885,2385,500
1400000US42029305400,42029305400,1421,522,899
1400000US42029305500,42029305500,1319,486,833
1400000US42029305600,42029305600,994,341,653
1400000US42029305700,42029305700,769,432,337
1400000US42029306000,42029306000,2688,2353,335
1400000US42029306300,42029306300,870,568,302
1400000US42029306501,42029306501,1581,1340,241
1400000US42029306503,42029306503,821,458,363
1400000US42029306504,42029306504,1515,1146,369
1400000US42029306600,42029306600,1098,1033,65
1400000US42029306700,42029306700,1584,1440,144
1400000US42029306800,42029306800,639,543,96
1400000US42029306900,42029306900,1894,1711,183
1400000US42029307000,42029307000,2281,1773,508
1400000US42029307100,42029307100,847,708,139
1400000US42029307200,42029307200,482,345,137
1400000US42029307300,42029307300,1486,1122,364
1400000US42029307400,42029307400,1384,914,470
1400000US42029307700,42029307700,909,735,174
1400000US42029307800,42029307800,823,726,97
1400000US42029307900,42029307900,988,823,165
1400000US42029308000,42029308000,1969,806,1163
1400000US42029308101,42029308101,1405,1368,37
1400000US42029308102,42029308102,1388,1167,221
1400000US42029308200,42029308200,906,761,145
1400000US42029310400,42029310400,0,0,0
1400000US42029311000,42029311000,2259,1910,349
1400000US42029311100,42029311100,1388,1066,322
1400000US42029311200,42029311200,806,600,206
1400000US42029311300,42029311300,1093,1029,64
1400000US42029311401,42029311401,2676,1747,929
1400000US42029311403,42029311403,1399,1193,206
1400000US42029311404,42029311404,1337,1204,133
1400000US42029311500,42029311500,1484,1159,325
1400000US42029311600,42029311600,777,436,341
1400000US42029311700,42029311700,2990,2355,635
1400000US42029311800,42029311800,1318,970,348
1400000US42031160101,42031160101,782,697,85
1400000US42031160102,42031160102,2334,1164,1170
1400000US42031160200,42031160200,1367,1181,186
1400000US42031160300,42031160300,1838,1573,265
1400000US42031160400,42031160400,1491,1192,299
1400000US42031160500,42031160500,1359,1157,202
1400000US42031160600,42031160600,1976,665,1311
1400000US42031160700,42031160700,1782,1223,559
1400000US42031160800,42031160800,1559,1058,501
1400000US42031160900,42031160900,1437,1148,289
1400000US42033330100,42033330100,2016,1499,517
1400000US42033330200,42033330200,1458,849,609
1400000US42033330300,42033330300,1837,983,854
1400000US42033330400,42033330400,2144,2001,143
1400000US42033330500,42033330500,1716,1494,222
1400000US42033330600,42033330600,1178,847,331
1400000US42033330700,42033330700,763,658,105
1400000US42033330800,42033330800,2753,2334,419
1400000US42033330900,42033330900,2099,1559,540
1400000US42033331000,42033331000,2166,1897,269
1400000US42033331100,42033331100,1493,752,741
1400000US42033331200,42033331200,1362,872,490
1400000US42033331300,42033331300,1821,1506,315
1400000US42033331401,42033331401,1404,1149,255
1400000US42033331402,42033331402,1481,1094,387
1400000US42033331500,42033331500,753,643,110
1400000US42033331600,42033331600,920,809,111
1400000US42033331700,42033331700,1778,1379,399
1400000US42033331800,42033331800,1112,906,206
1400000US42033331900,42033331900,898,738,160
1400000US42035030100,42035030100,1268,940,328
1400000US42035030200,42035030200,2049,1622,427
1400000US42035030300,42035030300,1600,1369,231
1400000US42035030400,42035030400,1953,1513,440
1400000US42035030500,42035030500,1670,1343,327
1400000US42035030600,42035030600,1116,248,868
1400000US42035030700,42035030700,2229,944,1285
1400000US42035030800,42035030800,1471,1278,193
1400000US42035030900,42035030900,1319,1121,198
1400000US42037050100,42037050100,2176,1782,394
1400000US42037050200,42037050200,2218,1833,385
1400000US42037050300,42037050300,2162,1783,379
1400000US42037050400,42037050400,1613,1360,253
1400000US42037050500,42037050500,1684,1250,434
1400000US42037050600,42037050600,2135,1245,890
1400000US42037050700,42037050700,2172,1217,955
1400000US42037050800,42037050800,1633,1245,388
1400000US42037050900,42037050900,1297,1052,245
1400000US42037051000,42037051000,1144,686,458
1400000US42037051100,42037051100,1429,415,1014
1400000US42037051200,42037051200,2107,489,1618
1400000US42037051300,42037051300,1352,1028,324
1400000US42037051400,42037051400,1068,841,227
1400000US42037051500,42037051500,2374,2110,264
1400000US42039110100,42039110100,2089,1739,350
1400000US42039110201,42039110201,1519,1381,138
1400000US42039110202,42039110202,1496,1007,489
1400000US42039110300,42039110300,1709,1352,357
1400000US42039110400,42039110400,1228,983,245
1400000US42039110501,42039110501,813,706,107
1400000US42039110502,42039110502,1768,1278,490
1400000US42039110600,42039110600,1266,1100,166
1400000US42039110700,42039110700,1529,1298,231
1400000US42039110800,42039110800,1953,1677,276
1400000US42039110900,42039110900,1221,1015,206
1400000US42039111000,42039111000,1051,812,239
1400000US42039111100,42039111100,1285,586,699
1400000US42039111200,42039111200,988,555,433
1400000US42039111300,42039111300,2247,1838,409
1400000US42039111400,42039111400,1949,1487,462
1400000US42039111500,42039111500,2229,753,1476
1400000US42039111600,42039111600,1894,453,1441
1400000US42039111700,42039111700,1381,972,409
1400000US42039111800,42039111800,2406,1911,495
1400000US42039111900,42039111900,1341,1136,205
1400000US42039112001,42039112001,1106,941,165
1400000US42039112002,42039112002,634,571,63
1400000US42041010100,42041010100,2312,1071,1241
1400000US42041010201,42041010201,2229,1871,358
1400000US42041010203,42041010203,1572,759,813
1400000US42041010204,42041010204,2047,1872,175
1400000US42041010300,42041010300,2024,975,1049
1400000US42041010400,42041010400,1482,1243,239
1400000US42041010500,42041010500,1712,977,735
1400000US42041010600,42041010600,2132,1259,873
1400000US42041010700,42041010700,1735,1622,113
1400000US42041010800,42041010800,1809,739,1070
1400000US42041010900,42041010900,2050,1756,294
1400000US42041011002,42041011002,1113,567,546
1400000US42041011101,42041011101,1468,1115,353
1400000US42041011102,42041011102,2359,1128,1231
1400000US42041011200,42041011200,653,359,294
1400000US42041011301,42041011301,1925,1556,369
1400000US42041011302,42041011302,2884,2519,365
1400000US42041011303,42041011303,2497,2361,136
1400000US42041011304,42041011304,2460,1478,982
1400000US42041011305,42041011305,2047,1432,615
1400000US42041011400,42041011400,2174,1116,1058
1400000US42041011500,42041011500,2027,1592,435
1400000US42041011601,42041011601,3882,2263,1619
1400000US42041011602,42041011602,1390,1346,44
1400000US42041011605,42041011605,2022,1667,355
1400000US42041011700,42041011700,2341,2097,244
1400000US42041011801,42041011801,3652,2762,890
1400000US42041011802,42041011802,2976,2672,304
1400000US42041011803,42041011803,2538,2161,377
1400000US42041011901,42041011901,2141,1796,345
1400000US42041011902,42041011902,2475,1649,826
1400000US42041012000,42041012000,2074,1102,972
1400000US42041012100,42041012100,1014,325,689
1400000US42041012200,42041012200,963,146,817
1400000US42041012300,42041012300,697,231,466
1400000US42041012400,42041012400,2727,1567,1160
1400000US42041012501,42041012501,1839,1398,441
1400000US42041012502,42041012502,2819,2484,335
1400000US42041012600,42041012600,2328,1861,467
1400000US42041012701,42041012701,1948,1818,130
1400000US42041012702,42041012702,1624,1390,234
1400000US42041012800,42041012800,3196,2516,680
1400000US42041012900,42041012900,545,231,314
1400000US42041013000,42041013000,2651,2231,420
1400000US42041013101,42041013101,3857,3038,819
1400000US42041013102,42041013102,1224,449,775
1400000US42041013200,42041013200,2253,656,1597
1400000US42041981001,42041981001,0,0,0
1400000US42041981606,42041981606,32,14,18
1400000US42043020100,42043020100,2066,280,1786
1400000US42043020300,42043020300,1017,154,863
1400000US42043020400,42043020400,1062,290,772
1400000US42043020500,42043020500,1535,654,881
1400000US42043020600,42043020600,486,157,329
1400000US42043020700,42043020700,909,287,622
1400000US42043020800,42043020800,1228,292,936
1400000US42043020900,42043020900,1481,884,597
1400000US42043021100,42043021100,1143,522,621
1400000US42043021200,42043021200,799,286,513
1400000US42043021300,42043021300,1801,627,1174
1400000US42043021400,42043021400,1863,569,1294
1400000US42043021500,42043021500,1406,707,699
1400000US42043021600,42043021600,1066,350,716
1400000US42043021700,42043021700,2326,1197,1129
1400000US42043021800,42043021800,931,666,265
1400000US42043021901,42043021901,2069,1568,501
1400000US42043021903,42043021903,1485,940,545
1400000US42043021904,42043021904,2204,1566,638
1400000US42043022000,42043022000,2267,1259,1008
1400000US42043022100,42043022100,1939,1199,740
1400000US42043022200,42043022200,1227,597,630
1400000US42043022300,42043022300,2554,1165,1389
1400000US42043022401,42043022401,1682,1286,396
1400000US42043022403,42043022403,2848,1379,1469
1400000US42043022501,42043022501,2360,2124,236
1400000US42043022502,42043022502,2233,2011,222
1400000US42043022601,42043022601,2873,2320,553
1400000US42043022604,42043022604,2554,1852,702
1400000US42043022605,42043022605,1947,1163,784
1400000US42043022606,42043022606,1637,630,1007
1400000US42043022701,42043022701,1674,1081,593
1400000US42043022702,42043022702,1867,1358,509
1400000US42043022800,42043022800,2129,1283,846
1400000US42043022900,42043022900,2565,1580,985
1400000US42043023000,42043023000,808,583,225
1400000US42043023100,42043023100,653,531,122
1400000US42043023300,42043023300,1454,839,615
1400000US42043023400,42043023400,646,328,318
1400000US42043023500,42043023500,1089,505,584
1400000US42043023601,42043023601,1150,1102,48
1400000US42043023602,42043023602,2355,1903,452
1400000US42043023700,42043023700,761,254,507
1400000US42043023800,42043023800,1891,608,1283
1400000US42043023900,42043023900,1317,963,354
1400000US42043024001,42043024001,2642,2146,496
1400000US42043024002,42043024002,1087,955,132
1400000US42043024101,42043024101,947,80,867
1400000US42043024102,42043024102,1370,981,389
1400000US42043024104,42043024104,2420,1910,510
1400000US42043024105,42043024105,2281,1681,600
1400000US42043024200,42043024200,1161,805,356
1400000US42043024300,42043024300,1610,881,729
1400000US42043024400,42043024400,2052,1165,887
1400000US42043024502,42043024502,2195,2059,136
1400000US42043024503,42043024503,2667,2100,567
1400000US42043024600,42043024600,4040,3667,373
1400000US42043024700,42043024700,2453,1966,487
1400000US42043024800,42043024800,3289,2714,575
1400000US42043024900,42043024900,971,724,247
1400000US42043025000,42043025000,1201,879,322
1400000US42043025100,42043025100,1287,1049,238
1400000US42043025200,42043025200,1469,1061,408
1400000US42043025300,42043025300,1764,1468,296
1400000US42043025400,42043025400,1226,647,579
1400000US42045400301,42045400301,2061,721,1340
1400000US42045400302,42045400302,1256,736,520
1400000US42045400401,42045400401,1878,795,1083
1400000US42045400402,42045400402,1705,722,983
1400000US42045400500,42045400500,1431,691,740
1400000US42045400600,42045400600,1779,1171,608
1400000US42045400700,42045400700,1701,1186,515
1400000US42045400801,42045400801,1045,125,920
1400000US42045400802,42045400802,1252,890,362
1400000US42045400900,42045400900,576,511,65
1400000US42045401000,42045401000,662,409,253
1400000US42045401101,42045401101,1151,888,263
1400000US42045401103,42045401103,1114,831,283
1400000US42045401104,42045401104,1583,1072,511
1400000US42045401200,42045401200,1421,916,505
1400000US42045401301,42045401301,1118,21,1097
1400000US42045401302,42045401302,1129,806,323
1400000US42045401401,42045401401,832,637,195
1400000US42045401402,42045401402,1640,936,704
1400000US42045401501,42045401501,1341,1202,139
1400000US42045401502,42045401502,1818,692,1126
1400000US42045401600,42045401600,721,429,292
1400000US42045401700,42045401700,879,539,340
1400000US42045401800,42045401800,1491,840,651
1400000US42045401900,42045401900,1840,1229,611
1400000US42045402000,42045402000,1083,639,444
1400000US42045402100,42045402100,2110,1594,516
1400000US42045402200,42045402200,812,470,342
1400000US42045402300,42045402300,1433,413,1020
1400000US42045402400,42045402400,1072,426,646
1400000US42045402500,42045402500,1150,511,639
1400000US42045402600,42045402600,996,523,473
1400000US42045402700,42045402700,823,471,352
1400000US42045402800,42045402800,2169,1681,488
1400000US42045402900,42045402900,1393,783,610
1400000US42045403001,42045403001,1208,1060,148
1400000US42045403002,42045403002,1120,827,293
1400000US42045403101,42045403101,1382,841,541
1400000US42045403103,42045403103,1012,802,210
1400000US42045403104,42045403104,947,484,463
1400000US42045403200,42045403200,1736,1296,440
1400000US42045403300,42045403300,2582,1565,1017
1400000US42045403401,42045403401,1050,760,290
1400000US42045403402,42045403402,1263,889,374
1400000US42045403501,42045403501,1702,920,782
1400000US42045403502,42045403502,1133,917,216
1400000US42045403601,42045403601,1386,1024,362
1400000US42045403602,42045403602,614,574,40
1400000US42045403701,42045403701,642,405,237
1400000US42045403702,42045403702,849,510,339
1400000US42045403800,42045403800,2574,1618,956
1400000US42045403901,42045403901,1440,807,633
1400000US42045403902,42045403902,1317,1164,153
1400000US42045404003,42045404003,1031,444,587
1400000US42045404004,42045404004,2430,2113,317
1400000US42045404101,42045404101,2537,1777,760
1400000US42045404102,42045404102,1906,1165,741
1400000US42045404103,42045404103,1338,875,463
1400000US42045404300,42045404300,801,400,401
1400000US42045404400,42045404400,614,293,321
1400000US42045404500,42045404500,1856,457,1399
1400000US42045404600,42045404600,784,413,371
1400000US42045404700,42045404700,935,162,773
1400000US42045404800,42045404800,645,263,382
1400000US42045404900,42045404900,388,124,264
1400000US42045405000,42045405000,701,331,370
1400000US42045405100,42045405100,861,421,440
1400000US42045405200,42045405200,1329,355,974
1400000US42045405300,42045405300,941,458,483
1400000US42045405400,42045405400,908,310,598
1400000US42045406100,42045406100,764,586,178
1400000US42045406201,42045406201,1273,1205,68
1400000US42045406202,42045406202,2129,1788,341
1400000US42045406300,42045406300,1238,557,681
1400000US42045406401,42045406401,982,560,422
1400000US42045406402,42045406402,588,245,343
1400000US42045406500,42045406500,521,381,140
1400000US42045406600,42045406600,866,355,511
1400000US42045406700,42045406700,1160,714,446
1400000US42045406801,42045406801,1710,1299,411
1400000US42045406802,42045406802,1587,1245,342
1400000US42045406803,42045406803,3490,2195,1295
1400000US42045406902,42045406902,2267,2013,254
1400000US42045406903,42045406903,1891,1626,265
1400000US42045406904,42045406904,2047,1882,165
1400000US42045407000,42045407000,1040,710,330
1400000US42045407101,42045407101,1632,1257,375
1400000US42045407102,42045407102,1164,1153,11
1400000US42045407201,42045407201,1899,1327,572
1400000US42045407202,42045407202,1392,973,419
1400000US42045407401,42045407401,1433,1247,186
1400000US42045407404,42045407404,1080,1025,55
1400000US42045407501,42045407501,1067,730,337
1400000US42045407502,42045407502,1573,431,1142
1400000US42045407600,42045407600,1915,1421,494
1400000US42045407700,42045407700,1119,633,486
1400000US42045407801,42045407801,1594,1430,164
1400000US42045407802,42045407802,2087,1990,97
1400000US42045407803,42045407803,1927,1754,173
1400000US42045407804,42045407804,1542,1480,62
1400000US42045407805,42045407805,553,513,40
1400000US42045407806,42045407806,624,581,43
1400000US42045407901,42045407901,1367,1334,33
1400000US42045407902,42045407902,1216,776,440
1400000US42045407903,42045407903,1482,902,580
1400000US42045408001,42045408001,2266,2194,72
1400000US42045408002,42045408002,1567,1363,204
1400000US42045408101,42045408101,1767,1515,252
1400000US42045408102,42045408102,1261,1132,129
1400000US42045408103,42045408103,1605,1120,485
1400000US42045408300,42045408300,1275,906,369
1400000US42045408400,42045408400,831,492,339
1400000US42045408500,42045408500,1548,1328,220
1400000US42045408600,42045408600,1287,1128,159
1400000US42045408700,42045408700,1717,1488,229
1400000US42045408800,42045408800,2034,1568,466
1400000US42045408900,42045408900,1075,961,114
1400000US42045409000,42045409000,1332,1238,94
1400000US42045409100,42045409100,1485,1314,171
1400000US42045409200,42045409200,1457,1351,106
1400000US42045409300,42045409300,880,762,118
1400000US42045409400,42045409400,977,869,108
1400000US42045409500,42045409500,1695,1578,117
1400000US42045409601,42045409601,1782,1140,642
1400000US42045409602,42045409602,1515,670,845
1400000US42045409701,42045409701,1878,1729,149
1400000US42045409702,42045409702,151,139,12
1400000US42045409802,42045409802,1496,973,523
1400000US42045409803,42045409803,2735,1695,1040
1400000US42045409902,42045409902,2145,1450,695
1400000US42045409903,42045409903,1520,1250,270
1400000US42045409904,42045409904,1306,1248,58
1400000US42045410000,42045410000,1614,1201,413
1400000US42045410100,42045410100,2314,2187,127
1400000US42045410200,42045410200,1479,1330,149
1400000US42045410301,42045410301,2149,1785,364
1400000US42045410302,42045410302,4028,2217,1811
1400000US42045410400,42045410400,3147,3125,22
1400000US42045410500,42045410500,1443,686,757
1400000US42045410601,42045410601,1306,1053,253
1400000US42045410602,42045410602,1778,1514,264
1400000US42045410700,42045410700,1540,687,853
1400000US42045410800,42045410800,2839,2532,307
1400000US42045980000,42045980000,0,0,0
1400000US42047950100,42047950100,663,587,76
1400000US42047950200,42047950200,1329,1152,177
1400000US42047950400,42047950400,1876,1275,601
1400000US42047950500,42047950500,1059,754,305
1400000US42047950900,42047950900,948,805,143
1400000US42047951000,42047951000,2022,1742,280
1400000US42047951100,42047951100,2427,1863,564
1400000US42047951200,42047951200,884,649,235
1400000US42047951300,42047951300,2239,1771,468
1400000US42049000100,42049000100,1201,0,1201
1400000US42049000200,42049000200,1940,1316,624
1400000US42049000300,42049000300,1489,380,1109
1400000US42049000400,42049000400,1012,301,711
1400000US42049000500,42049000500,1285,557,728
1400000US42049000600,42049000600,1567,661,906
1400000US42049000700,42049000700,978,336,642
1400000US42049000800,42049000800,899,192,707
1400000US42049000900,42049000900,2061,622,1439
1400000US42049001000,42049001000,1574,557,1017
1400000US42049001100,42049001100,1153,716,437
1400000US42049001200,42049001200,882,231,651
1400000US42049001300,42049001300,617,182,435
1400000US42049001400,42049001400,513,143,370
1400000US42049001500,42049001500,951,261,690
1400000US42049001600,42049001600,1688,1169,519
1400000US42049001700,42049001700,991,366,625
1400000US42049001800,42049001800,794,360,434
1400000US42049001900,42049001900,901,144,757
1400000US42049002000,42049002000,1282,638,644
1400000US42049002100,42049002100,1714,1530,184
1400000US42049002200,42049002200,1675,1141,534
1400000US42049002300,42049002300,1175,683,492
1400000US42049002400,42049002400,1325,749,576
1400000US42049002500,42049002500,996,584,412
1400000US42049002600,42049002600,1532,1133,399
1400000US42049002700,42049002700,2939,2028,911
1400000US42049002800,42049002800,2206,1621,585
1400000US42049002900,42049002900,1265,1156,109
1400000US42049003000,42049003000,1902,1079,823
1400000US42049010101,42049010101,1333,1125,208
1400000US42049010103,42049010103,723,577,146
1400000US42049010104,42049010104,896,815,81
1400000US42049010107,42049010107,664,400,264
1400000US42049010201,42049010201,2432,1709,723
1400000US42049010202,42049010202,2153,1779,374
1400000US42049010301,42049010301,1911,1734,177
1400000US42049010303,42049010303,2052,1684,368
1400000US42049010304,42049010304,1704,1621,83
1400000US42049010400,42049010400,1986,1626,360
1400000US42049010500,42049010500,1970,1216,754
1400000US42049010700,42049010700,1661,1061,600
1400000US42049010800,42049010800,1468,1147,321
1400000US42049010902,42049010902,1842,1270,572
1400000US42049010903,42049010903,2654,1821,833
1400000US42049010904,42049010904,1810,1686,124
1400000US42049011001,42049011001,2683,1874,809
1400000US42049011002,42049011002,2288,859,1429
1400000US42049011101,42049011101,2301,1345,956
1400000US42049011102,42049011102,1451,1012,439
1400000US42049011201,42049011201,1846,1656,190
1400000US42049011202,42049011202,2921,2611,310
1400000US42049011300,42049011300,1415,990,425
1400000US42049011400,42049011400,1576,1205,371
1400000US42049011503,42049011503,1642,1089,553
1400000US42049011505,42049011505,1090,849,241
1400000US42049011507,42049011507,1202,1121,81
1400000US42049011600,42049011600,1734,862,872
1400000US42049011701,42049011701,1187,949,238
1400000US42049011702,42049011702,1990,1753,237
1400000US42049011801,42049011801,992,852,140
1400000US42049011802,42049011802,1213,1042,171
1400000US42049011900,42049011900,2522,1489,1033
1400000US42049012001,42049012001,1022,906,116
1400000US42049012002,42049012002,1320,918,402
1400000US42049012100,42049012100,2889,2292,597
1400000US42049012201,42049012201,2364,2118,246
1400000US42049012202,42049012202,1994,827,1167
1400000US42049012300,42049012300,2261,1762,499
1400000US42049012400,42049012400,705,471,234
1400000US42049980109,42049980109,3,0,3
1400000US42049990000,42049990000,0,0,0
1400000US42051260100,42051260100,2451,1658,793
1400000US42051260200,42051260200,1844,1506,338
1400000US42051260300,42051260300,1428,1140,288
1400000US42051260401,42051260401,898,778,120
1400000US42051260402,42051260402,1722,1569,153
1400000US42051260500,42051260500,2585,2077,508
1400000US42051260600,42051260600,1714,1469,245
1400000US42051260700,42051260700,1676,968,708
1400000US42051260800,42051260800,1768,711,1057
1400000US42051260900,42051260900,1887,1631,256
1400000US42051261000,42051261000,935,818,117
1400000US42051261100,42051261100,984,817,167
1400000US42051261200,42051261200,920,439,481
1400000US42051261300,42051261300,1806,1622,184
1400000US42051261401,42051261401,910,733,177
1400000US42051261402,42051261402,1154,701,453
1400000US42051261500,42051261500,1568,1265,303
1400000US42051261600,42051261600,1203,852,351
1400000US42051261700,42051261700,1209,698,511
1400000US42051261800,42051261800,1596,1085,511
1400000US42051261900,42051261900,1635,722,913
1400000US42051262000,42051262000,1869,1696,173
1400000US42051262100,42051262100,1154,708,446
1400000US42051262200,42051262200,1471,775,696
1400000US42051262300,42051262300,1289,640,649
1400000US42051262400,42051262400,1469,923,546
1400000US42051262500,42051262500,1269,1068,201
1400000US42051262600,42051262600,1193,921,272
1400000US42051262701,42051262701,1202,810,392
1400000US42051262702,42051262702,1096,813,283
1400000US42051262800,42051262800,2805,2257,548
1400000US42051262900,42051262900,2086,1694,392
1400000US42051263000,42051263000,1407,986,421
1400000US42051263100,42051263100,2201,1656,545
1400000US42051263200,42051263200,985,741,244
1400000US42051263300,42051263300,654,512,142
1400000US42053530100,42053530100,543,449,94
1400000US42053530201,42053530201,459,380,79
1400000US42053530300,42053530300,471,429,42
1400000US42055010100,42055010100,1598,1208,390
1400000US42055010200,42055010200,1662,1437,225
1400000US42055010300,42055010300,3846,2932,914
1400000US42055010400,42055010400,3611,2605,1006
1400000US42055010500,42055010500,3282,2615,667
1400000US42055010600,42055010600,2618,1973,645
1400000US42055010700,42055010700,3484,2690,794
1400000US42055010800,42055010800,1790,1044,746
1400000US42055010900,42055010900,1829,998,831
1400000US42055011000,42055011000,2033,632,1401
1400000US42055011100,42055011100,1556,540,1016
1400000US42055011200,42055011200,1220,510,710
1400000US42055011301,42055011301,2151,1814,337
1400000US42055011302,42055011302,2129,1668,461
1400000US42055011400,42055011400,2364,1900,464
1400000US42055011500,42055011500,2391,1735,656
1400000US42055011600,42055011600,2485,2081,404
1400000US42055011700,42055011700,2863,2277,586
1400000US42055011800,42055011800,1676,987,689
1400000US42055011900,42055011900,2290,1947,343
1400000US42055012000,42055012000,2565,1799,766
1400000US42055012100,42055012100,1724,1197,527
1400000US42055012200,42055012200,1595,895,700
1400000US42055012300,42055012300,1903,803,1100
1400000US42055012400,42055012400,1245,543,702
1400000US42055012501,42055012501,2640,2395,245
1400000US42055012502,42055012502,1552,1188,364
1400000US42057960100,42057960100,2051,1475,576
1400000US42057960200,42057960200,2026,1669,357
1400000US42057960300,42057960300,1870,1526,344
1400000US42059970100,42059970100,3039,2019,1020
1400000US42059970200,42059970200,1326,1124,202
1400000US42059970300,42059970300,1765,1448,317
1400000US42059970400,42059970400,1535,1173,362
1400000US42059970501,42059970501,938,689,249
1400000US42059970502,42059970502,1636,1170,466
1400000US42059970600,42059970600,1402,804,598
1400000US42059970700,42059970700,1157,855,302
1400000US42059970800,42059970800,1686,1388,298
1400000US42061950100,42061950100,715,616,99
1400000US42061950200,42061950200,1444,1181,263
1400000US42061950300,42061950300,1833,1414,419
1400000US42061950400,42061950400,2649,1342,1307
1400000US42061950500,42061950500,1350,1079,271
1400000US42061950600,42061950600,1711,1459,252
1400000US42061950800,42061950800,1370,1185,185
1400000US42061950900,42061950900,1131,606,525
1400000US42061951000,42061951000,1074,864,210
1400000US42061951100,42061951100,760,627,133
1400000US42061951200,42061951200,1946,1587,359
1400000US42061951300,42061951300,952,764,188
1400000US42063960100,42063960100,1457,1227,230
1400000US42063960200,42063960200,1610,1356,254
1400000US42063960300,42063960300,958,767,191
1400000US42063960400,42063960400,1514,1315,199
1400000US42063960500,42063960500,1356,1085,271
1400000US42063960600,42063960600,2067,1679,388
1400000US42063960700,42063960700,3645,1756,1889
1400000US42063960800,42063960800,1825,1514,311
1400000US42063960900,42063960900,1847,1211,636
1400000US42063961000,42063961000,1050,438,612
1400000US42063961101,42063961101,1831,578,1253
1400000US42063961102,42063961102,351,0,351
1400000US42063961200,42063961200,1115,562,553
1400000US42063961300,42063961300,1541,1145,396
1400000US42063961400,42063961400,1153,997,156
1400000US42063961500,42063961500,1483,1332,151
1400000US42063961600,42063961600,1973,1583,390
1400000US42063961700,42063961700,738,514,224
1400000US42063961800,42063961800,698,560,138
1400000US42063961900,42063961900,1722,1379,343
1400000US42063962000,42063962000,1598,1139,459
1400000US42063962100,42063962100,1497,855,642
1400000US42063962200,42063962200,1001,865,136
1400000US42065950100,42065950100,952,603,349
1400000US42065950200,42065950200,1209,997,212
1400000US42065950300,42065950300,2207,1855,352
1400000US42065950400,42065950400,842,613,229
1400000US42065950500,42065950500,875,459,416
1400000US42065950600,42065950600,2175,1730,445
1400000US42065950700,42065950700,1209,711,498
1400000US42065950800,42065950800,1524,1233,291
1400000US42065950900,42065950900,1681,1496,185
1400000US42065951000,42065951000,1498,1282,216
1400000US42065951100,42065951100,1576,1351,225
1400000US42065951200,42065951200,1367,830,537
1400000US42065951300,42065951300,1337,653,684
1400000US42067070100,42067070100,2795,2098,697
1400000US42067070201,42067070201,790,541,249
1400000US42067070202,42067070202,2390,1762,628
1400000US42067070300,42067070300,1905,1505,400
1400000US42067070400,42067070400,1481,1176,305
1400000US42069100200,42069100200,1462,89,1373
1400000US42069100300,42069100300,705,213,492
1400000US42069100400,42069100400,858,437,421
1400000US42069100500,42069100500,904,489,415
1400000US42069100600,42069100600,1440,537,903
1400000US42069100800,42069100800,886,443,443
1400000US42069100900,42069100900,654,388,266
1400000US42069101000,42069101000,1191,666,525
1400000US42069101100,42069101100,1035,687,348
1400000US42069101200,42069101200,1227,622,605
1400000US42069101300,42069101300,1198,612,586
1400000US42069101400,42069101400,1059,544,515
1400000US42069101600,42069101600,1006,544,462
1400000US42069101700,42069101700,1275,711,564
1400000US42069101800,42069101800,1850,1195,655
1400000US42069101900,42069101900,621,391,230
1400000US42069102000,42069102000,934,363,571
1400000US42069102100,42069102100,1041,380,661
1400000US42069102200,42069102200,1057,660,397
1400000US42069102300,42069102300,1438,661,777
1400000US42069102500,42069102500,1127,430,697
1400000US42069102600,42069102600,1030,385,645
1400000US42069102700,42069102700,965,675,290
1400000US42069102800,42069102800,1443,960,483
1400000US42069102900,42069102900,1586,725,861
1400000US42069103000,42069103000,854,508,346
1400000US42069103100,42069103100,682,512,170
1400000US42069110100,42069110100,1225,927,298
1400000US42069110201,42069110201,1635,1440,195
1400000US42069110202,42069110202,1985,1789,196
1400000US42069110300,42069110300,1597,1431,166
1400000US42069110401,42069110401,2627,2131,496
1400000US42069110402,42069110402,917,771,146
1400000US42069110403,42069110403,1006,739,267
1400000US42069110500,42069110500,2201,1725,476
1400000US42069110600,42069110600,1144,1001,143
1400000US42069110700,42069110700,1037,522,515
1400000US42069110800,42069110800,1353,779,574
1400000US42069110900,42069110900,1371,837,534
1400000US42069111000,42069111000,964,623,341
1400000US42069111100,42069111100,3014,2374,640
1400000US42069111200,42069111200,2960,2047,913
1400000US42069111300,42069111300,1835,1285,550
1400000US42069111400,42069111400,2334,1302,1032
1400000US42069111500,42069111500,1432,986,446
1400000US42069111600,42069111600,1095,545,550
1400000US42069111700,42069111700,1761,1308,453
1400000US42069111800,42069111800,3243,2807,436
1400000US42069112000,42069112000,1588,1139,449
1400000US42069112100,42069112100,1859,1131,728
1400000US42069112200,42069112200,978,712,266
1400000US42069112300,42069112300,1152,638,514
1400000US42069112400,42069112400,1568,1389,179
1400000US42069112500,42069112500,2505,1482,1023
1400000US42069112600,42069112600,2392,1498,894
1400000US42069112700,42069112700,1367,903,464
1400000US42069112800,42069112800,2351,1897,454
1400000US42069112901,42069112901,1618,1356,262
1400000US42069112902,42069112902,2265,2015,250
1400000US42071000100,42071000100,1251,116,1135
1400000US42071000200,42071000200,1098,782,316
1400000US42071000300,42071000300,1890,1062,828
1400000US42071000400,42071000400,2023,462,1561
1400000US42071000500,42071000500,1459,616,843
1400000US42071000600,42071000600,1595,620,975
1400000US42071000700,42071000700,1131,479,652
1400000US42071000800,42071000800,1205,418,787
1400000US42071000900,42071000900,1365,302,1063
1400000US42071001000,42071001000,1322,497,825
1400000US42071001100,42071001100,1236,675,561
1400000US42071001200,42071001200,2095,1414,681
1400000US42071001400,42071001400,1613,758,855
1400000US42071010101,42071010101,2502,2061,441
1400000US42071010102,42071010102,1497,1089,408
1400000US42071010201,42071010201,1667,1516,151
1400000US42071010202,42071010202,2057,1714,343
1400000US42071010300,42071010300,3341,2740,601
1400000US42071010400,42071010400,1898,1254,644
1400000US42071010501,42071010501,1661,1462,199
1400000US42071010502,42071010502,2873,2271,602
1400000US42071010600,42071010600,4030,2912,1118
1400000US42071010701,42071010701,2225,1401,824
1400000US42071010702,42071010702,1783,737,1046
1400000US42071010801,42071010801,3322,2229,1093
1400000US42071010802,42071010802,1247,1053,194
1400000US42071010900,42071010900,3438,2168,1270
1400000US42071011000,42071011000,1083,710,373
1400000US42071011100,42071011100,2788,2184,604
1400000US42071011200,42071011200,789,344,445
1400000US42071011300,42071011300,1754,1207,547
1400000US42071011400,42071011400,1766,964,802
1400000US42071011502,42071011502,2317,1832,485
1400000US42071011503,42071011503,2031,1496,535
1400000US42071011504,42071011504,3117,2482,635
1400000US42071011600,42071011600,2368,1922,446
1400000US42071011701,42071011701,1984,1283,701
1400000US42071011703,42071011703,2889,2511,378
1400000US42071011704,42071011704,1701,1480,221
1400000US42071011705,42071011705,2752,1300,1452
1400000US42071011801,42071011801,1056,986,70
1400000US42071011802,42071011802,2444,1868,576
1400000US42071011803,42071011803,2782,1591,1191
1400000US42071011804,42071011804,3180,2621,559
1400000US42071011805,42071011805,895,452,443
1400000US42071011901,42071011901,2031,1706,325
1400000US42071011902,42071011902,3216,1937,1279
1400000US42071012001,42071012001,2300,1533,767
1400000US42071012002,42071012002,1619,982,637
1400000US42071012102,42071012102,3037,2330,707
1400000US42071012103,42071012103,1624,1334,290
1400000US42071012104,42071012104,2169,1393,776
1400000US42071012200,42071012200,2951,1855,1096
1400000US42071012301,42071012301,1405,666,739
1400000US42071012302,42071012302,1394,961,433
1400000US42071012402,42071012402,1620,932,688
1400000US42071012403,42071012403,1833,1160,673
1400000US42071012404,42071012404,1903,1555,348
1400000US42071012501,42071012501,2780,2163,617
1400000US42071012502,42071012502,1756,1252,504
1400000US42071012601,42071012601,2626,2263,363
1400000US42071012602,42071012602,1462,1101,361
1400000US42071012700,42071012700,2480,1727,753
1400000US42071012800,42071012800,2226,1379,847
1400000US42071012900,42071012900,2363,1318,1045
1400000US42071013000,42071013000,2680,2101,579
1400000US42071013101,42071013101,1744,1038,706
1400000US42071013102,42071013102,1253,869,384
1400000US42071013202,42071013202,2324,1162,1162
1400000US42071013203,42071013203,1991,1216,775
1400000US42071013204,42071013204,2502,1368,1134
1400000US42071013301,42071013301,1687,1455,232
1400000US42071013303,42071013303,1962,1208,754
1400000US42071013304,42071013304,3042,2045,997
1400000US42071013400,42071013400,1019,658,361
1400000US42071013501,42071013501,3939,2253,1686
1400000US42071013502,42071013502,2029,1215,814
1400000US42071013503,42071013503,1032,910,122
1400000US42071013601,42071013601,713,551,162
1400000US42071013602,42071013602,2136,1128,1008
1400000US42071013701,42071013701,2013,1565,448
1400000US42071013702,42071013702,3850,2500,1350
1400000US42071013800,42071013800,1447,1252,195
1400000US42071013901,42071013901,1790,1533,257
1400000US42071013902,42071013902,1565,1338,227
1400000US42071014000,42071014000,2309,1870,439
1400000US42071014101,42071014101,1739,1163,576
1400000US42071014102,42071014102,1666,1135,531
1400000US42071014201,42071014201,1542,1167,375
1400000US42071014202,42071014202,1736,1310,426
1400000US42071014300,42071014300,2164,1615,549
1400000US42071014401,42071014401,2872,2366,506
1400000US42071014402,42071014402,1568,1104,464
1400000US42071014501,42071014501,1939,1635,304
1400000US42071014502,42071014502,1817,1383,434
1400000US42071014601,42071014601,1291,1059,232
1400000US42071014602,42071014602,2533,2143,390
1400000US42071014700,42071014700,1356,465,891
1400000US42073000100,42073000100,1852,1411,441
1400000US42073000200,42073000200,913,461,452
1400000US42073000300,42073000300,1670,763,907
1400000US42073000400,42073000400,977,117,860
1400000US42073000600,42073000600,379,231,148
1400000US42073000700,42073000700,702,436,266
1400000US42073000800,42073000800,1828,1306,522
1400000US42073000900,42073000900,861,381,480
1400000US42073001000,42073001000,720,484,236
1400000US42073010100,42073010100,1450,1229,221
1400000US42073010201,42073010201,1558,1112,446
1400000US42073010202,42073010202,1911,1581,330
1400000US42073010300,42073010300,560,345,215
1400000US42073010400,42073010400,1362,1114,248
1400000US42073010500,42073010500,1111,991,120
1400000US42073010600,42073010600,1089,876,213
1400000US42073010700,42073010700,1066,957,109
1400000US42073010800,42073010800,2553,2122,431
1400000US42073010900,42073010900,1306,1033,273
1400000US42073011000,42073011000,2179,1856,323
1400000US42073011100,42073011100,1672,1331,341
1400000US42073011200,42073011200,1034,886,148
1400000US42073011300,42073011300,1692,1525,167
1400000US42073011400,42073011400,865,677,188
1400000US42073011500,42073011500,1747,1477,270
1400000US42073011600,42073011600,1726,1310,416
1400000US42073011700,42073011700,834,677,157
1400000US42073011800,42073011800,1125,530,595
1400000US42075000100,42075000100,1840,771,1069
1400000US42075000200,42075000200,1951,803,1148
1400000US42075000300,42075000300,1496,434,1062
1400000US42075000401,42075000401,1661,484,1177
1400000US42075000402,42075000402,1314,781,533
1400000US42075000500,42075000500,1510,716,794
1400000US42075002000,42075002000,1217,912,305
1400000US42075002100,42075002100,1922,1686,236
1400000US42075002200,42075002200,2472,1859,613
1400000US42075002300,42075002300,1167,815,352
1400000US42075002400,42075002400,895,702,193
1400000US42075002500,42075002500,1504,924,580
1400000US42075002600,42075002600,934,701,233
1400000US42075002701,42075002701,2252,1756,496
1400000US42075002702,42075002702,2312,1947,365
1400000US42075002800,42075002800,3279,2889,390
1400000US42075002900,42075002900,1217,662,555
1400000US42075003000,42075003000,1983,1640,343
1400000US42075003100,42075003100,1447,1193,254
1400000US42075003200,42075003200,1784,1303,481
1400000US42075003300,42075003300,734,591,143
1400000US42075003400,42075003400,1001,857,144
1400000US42075003500,42075003500,1931,1409,522
1400000US42075003600,42075003600,1393,776,617
1400000US42075003700,42075003700,1080,1010,70
1400000US42075003800,42075003800,3480,2731,749
1400000US42075003901,42075003901,1734,826,908
1400000US42075003902,42075003902,1692,960,732
1400000US42075004000,42075004000,2806,2317,489
1400000US42075004100,42075004100,973,899,74
1400000US42075004200,42075004200,1811,1349,462
1400000US42077000101,42077000101,1616,767,849
1400000US42077000102,42077000102,1410,944,466
1400000US42077000400,42077000400,1078,390,688
1400000US42077000500,42077000500,736,236,500
1400000US42077000600,42077000600,2067,1411,656
1400000US42077000700,42077000700,1154,491,663
1400000US42077000800,42077000800,1283,398,885
1400000US42077000900,42077000900,524,171,353
1400000US42077001000,42077001000,916,168,748
1400000US42077001200,42077001200,611,42,569
1400000US42077001401,42077001401,2900,1225,1675
1400000US42077001402,42077001402,875,679,196
1400000US42077001501,42077001501,2510,1146,1364
1400000US42077001502,42077001502,2764,1341,1423
1400000US42077001600,42077001600,1111,406,705
1400000US42077001700,42077001700,1471,620,851
1400000US42077001800,42077001800,1647,307,1340
1400000US42077001900,42077001900,1716,635,1081
1400000US42077002000,42077002000,1814,695,1119
1400000US42077002100,42077002100,2794,1066,1728
1400000US42077002201,42077002201,1752,1174,578
1400000US42077002202,42077002202,831,209,622
1400000US42077002301,42077002301,3010,1815,1195
1400000US42077002302,42077002302,1077,798,279
1400000US42077005100,42077005100,1822,1052,770
1400000US42077005200,42077005200,2751,2481,270
1400000US42077005301,42077005301,1306,1086,220
1400000US42077005302,42077005302,1684,1374,310
1400000US42077005401,42077005401,813,751,62
1400000US42077005402,42077005402,1892,1703,189
1400000US42077005503,42077005503,1561,1428,133
1400000US42077005504,42077005504,1796,1598,198
1400000US42077005505,42077005505,1320,1129,191
1400000US42077005506,42077005506,1516,1105,411
1400000US42077005601,42077005601,1952,1632,320
1400000US42077005602,42077005602,1964,1549,415
1400000US42077005702,42077005702,1838,954,884
1400000US42077005703,42077005703,1476,721,755
1400000US42077005704,42077005704,1430,598,832
1400000US42077005705,42077005705,2323,1311,1012
1400000US42077005800,42077005800,1446,1045,401
1400000US42077005901,42077005901,2736,1742,994
1400000US42077005902,42077005902,717,378,339
1400000US42077006001,42077006001,1836,1507,329
1400000US42077006002,42077006002,2133,1816,317
1400000US42077006101,42077006101,1428,898,530
1400000US42077006102,42077006102,2179,1755,424
1400000US42077006202,42077006202,4334,3027,1307
1400000US42077006203,42077006203,3146,2263,883
1400000US42077006204,42077006204,1360,1317,43
1400000US42077006302,42077006302,2588,2280,308
1400000US42077006303,42077006303,1385,800,585
1400000US42077006304,42077006304,1552,1355,197
1400000US42077006305,42077006305,2677,2259,418
1400000US42077006307,42077006307,3607,3031,576
1400000US42077006308,42077006308,2965,2578,387
1400000US42077006401,42077006401,1255,844,411
1400000US42077006402,42077006402,1910,1804,106
1400000US42077006500,42077006500,2573,1434,1139
1400000US42077006600,42077006600,2191,1700,491
1400000US42077006701,42077006701,1940,1681,259
1400000US42077006702,42077006702,1094,952,142
1400000US42077006703,42077006703,2326,1951,375
1400000US42077006800,42077006800,2032,1225,807
1400000US42077006902,42077006902,940,554,386
1400000US42077006903,42077006903,2129,1799,330
1400000US42077006905,42077006905,1875,1699,176
1400000US42077006906,42077006906,1543,1367,176
1400000US42077007000,42077007000,1434,1254,180
1400000US42077009100,42077009100,1663,835,828
1400000US42077009200,42077009200,1732,964,768
1400000US42077009300,42077009300,1408,1071,337
1400000US42077009400,42077009400,1686,695,991
1400000US42077009500,42077009500,2040,1003,1037
1400000US42077009600,42077009600,2794,969,1825
1400000US42077009700,42077009700,1474,92,1382
1400000US42079200100,42079200100,747,48,699
1400000US42079200200,42079200200,1293,684,609
1400000US42079200300,42079200300,741,584,157
1400000US42079200400,42079200400,924,495,429
1400000US42079200500,42079200500,1068,309,759
1400000US42079200600,42079200600,844,578,266
1400000US42079200700,42079200700,1326,724,602
1400000US42079200800,42079200800,1392,588,804
1400000US42079200900,42079200900,1460,471,989
1400000US42079201000,42079201000,909,281,628
1400000US42079201100,42079201100,440,223,217
1400000US42079201200,42079201200,567,298,269
1400000US42079201300,42079201300,824,424,400
1400000US42079201400,42079201400,900,449,451
1400000US42079201500,42079201500,926,556,370
1400000US42079201600,42079201600,1153,666,487
1400000US42079210100,42079210100,1364,1184,180
1400000US42079210200,42079210200,1071,824,247
1400000US42079210300,42079210300,1065,825,240
1400000US42079210400,42079210400,603,482,121
1400000US42079210500,42079210500,2109,1649,460
1400000US42079210600,42079210600,597,307,290
1400000US42079210700,42079210700,829,456,373
1400000US42079210800,42079210800,1398,754,644
1400000US42079210900,42079210900,657,340,317
1400000US42079211000,42079211000,2061,1210,851
1400000US42079211101,42079211101,2398,1660,738
1400000US42079211102,42079211102,861,791,70
1400000US42079211201,42079211201,1129,934,195
1400000US42079211203,42079211203,682,587,95
1400000US42079211204,42079211204,2192,1621,571
1400000US42079211205,42079211205,1197,760,437
1400000US42079211301,42079211301,872,799,73
1400000US42079211302,42079211302,1364,1211,153
1400000US42079211303,42079211303,1215,989,226
1400000US42079211304,42079211304,810,674,136
1400000US42079211400,42079211400,2756,2350,406
1400000US42079211500,42079211500,1132,948,184
1400000US42079211600,42079211600,1455,843,612
1400000US42079211701,42079211701,2143,1538,605
1400000US42079211702,42079211702,633,569,64
1400000US42079211800,42079211800,760,372,388
1400000US42079211900,42079211900,2777,2083,694
1400000US42079212000,42079212000,820,513,307
1400000US42079212100,42079212100,1836,1306,530
1400000US42079212200,42079212200,2128,1775,353
1400000US42079212300,42079212300,1418,838,580
1400000US42079212700,42079212700,2266,857,1409
1400000US42079212800,42079212800,1664,1018,646
1400000US42079212900,42079212900,579,367,212
1400000US42079213000,42079213000,725,374,351
1400000US42079213100,42079213100,727,373,354
1400000US42079213200,42079213200,1972,854,1118
1400000US42079213300,42079213300,702,538,164
1400000US42079213400,42079213400,1863,1471,392
1400000US42079213600,42079213600,958,448,510
1400000US42079213700,42079213700,873,551,322
1400000US42079213800,42079213800,735,411,324
1400000US42079213900,42079213900,720,633,87
1400000US42079214000,42079214000,530,319,211
1400000US42079214100,42079214100,1061,451,610
1400000US42079214200,42079214200,1312,736,576
1400000US42079214300,42079214300,824,542,282
1400000US42079214400,42079214400,858,559,299
1400000US42079214500,42079214500,794,536,258
1400000US42079214600,42079214600,1809,1135,674
1400000US42079214900,42079214900,606,470,136
1400000US42079215000,42079215000,609,448,161
1400000US42079215100,42079215100,1145,811,334
1400000US42079215200,42079215200,1285,646,639
1400000US42079215300,42079215300,1651,1492,159
1400000US42079215400,42079215400,1036,839,197
1400000US42079215501,42079215501,1566,1353,213
1400000US42079215502,42079215502,2176,1946,230
1400000US42079215503,42079215503,1346,1294,52
1400000US42079215504,42079215504,1601,1425,176
1400000US42079215600,42079215600,1704,1155,549
1400000US42079215701,42079215701,915,789,126
1400000US42079215702,42079215702,807,749,58
1400000US42079215800,42079215800,1215,1048,167
1400000US42079215900,42079215900,1425,1312,113
1400000US42079216000,42079216000,303,172,131
1400000US42079216100,42079216100,1763,1544,219
1400000US42079216200,42079216200,2288,1727,561
1400000US42079216400,42079216400,818,596,222
1400000US42079216501,42079216501,839,672,167
1400000US42079216502,42079216502,1455,1258,197
1400000US42079216600,42079216600,3811,3513,298
1400000US42079216700,42079216700,1346,832,514
1400000US42079216800,42079216800,1526,1381,145
1400000US42079216900,42079216900,1848,1577,271
1400000US42079217001,42079217001,878,630,248
1400000US42079217002,42079217002,1200,629,571
1400000US42079217100,42079217100,1202,743,459
1400000US42079217200,42079217200,1126,449,677
1400000US42079217300,42079217300,1364,1044,320
1400000US42079217400,42079217400,621,216,405
1400000US42079217500,42079217500,759,317,442
1400000US42079217600,42079217600,986,359,627
1400000US42079217700,42079217700,1591,858,733
1400000US42079217800,42079217800,1278,757,521
1400000US42079217900,42079217900,1720,792,928
1400000US42079218000,42079218000,1620,1128,492
1400000US42079980100,42079980100,0,0,0
1400000US42081000100,42081000100,1502,1031,471
1400000US42081000200,42081000200,892,633,259
1400000US42081000300,42081000300,2443,910,1533
1400000US42081000400,42081000400,1787,479,1308
1400000US42081000500,42081000500,767,394,373
1400000US42081000600,42081000600,1071,508,563
1400000US42081000800,42081000800,322,74,248
1400000US42081000900,42081000900,1052,535,517
1400000US42081001000,42081001000,1417,830,587
1400000US42081010100,42081010100,944,842,102
1400000US42081010200,42081010200,477,440,37
1400000US42081010300,42081010300,1258,1064,194
1400000US42081010400,42081010400,2058,1746,312
1400000US42081010500,42081010500,2342,2125,217
1400000US42081010600,42081010600,1728,1469,259
1400000US42081010700,42081010700,2489,1949,540
1400000US42081010800,42081010800,2763,2073,690
1400000US42081010900,42081010900,1166,992,174
1400000US42081011000,42081011000,1915,1358,557
1400000US42081011100,42081011100,2413,1633,780
1400000US42081011200,42081011200,2228,1502,726
1400000US42081011301,42081011301,896,707,189
1400000US42081011302,42081011302,2390,1893,497
1400000US42081011400,42081011400,683,572,111
1400000US42081011601,42081011601,516,393,123
1400000US42081011602,42081011602,2698,1852,846
1400000US42081011700,42081011700,2204,1629,575
1400000US42081011800,42081011800,1181,1037,144
1400000US42081011900,42081011900,2389,1475,914
1400000US42083420100,42083420100,1597,1379,218
1400000US42083420200,42083420200,1421,351,1070
1400000US42083420300,42083420300,1127,507,620
1400000US42083420400,42083420400,1171,851,320
1400000US42083420500,42083420500,1305,1143,162
1400000US42083420600,42083420600,2235,1825,410
1400000US42083420700,42083420700,1823,1397,426
1400000US42083420800,42083420800,1564,1248,316
1400000US42083420900,42083420900,930,771,159
1400000US42083421000,42083421000,1612,1437,175
1400000US42083421100,42083421100,1455,972,483
1400000US42083421200,42083421200,959,815,144
1400000US42085030100,42085030100,823,401,422
1400000US42085030300,42085030300,1471,789,682
1400000US42085030400,42085030400,1145,967,178
1400000US42085030500,42085030500,1205,742,463
1400000US42085030900,42085030900,1241,849,392
1400000US42085031100,42085031100,682,441,241
1400000US42085031200,42085031200,2348,2014,334
1400000US42085031300,42085031300,1161,807,354
1400000US42085031400,42085031400,2484,1532,952
1400000US42085031700,42085031700,989,799,190
1400000US42085031800,42085031800,1951,1690,261
1400000US42085031900,42085031900,2005,1669,336
1400000US42085032000,42085032000,2091,1747,344
1400000US42085032100,42085032100,1152,346,806
1400000US42085032200,42085032200,1041,761,280
1400000US42085032300,42085032300,1355,1169,186
1400000US42085032400,42085032400,2545,2173,372
1400000US42085032501,42085032501,2347,1920,427
1400000US42085032502,42085032502,917,784,133
1400000US42085032601,42085032601,2300,1934,366
1400000US42085032602,42085032602,1221,827,394
1400000US42085032701,42085032701,1914,1491,423
1400000US42085032702,42085032702,1069,916,153
1400000US42085032800,42085032800,2202,1864,338
1400000US42085032900,42085032900,1318,754,564
1400000US42085033000,42085033000,1207,813,394
1400000US42085033100,42085033100,1816,1584,232
1400000US42085033200,42085033200,1455,390,1065
1400000US42085033300,42085033300,1152,730,422
1400000US42085033400,42085033400,1198,613,585
1400000US42087960100,42087960100,1534,1129,405
1400000US42087960200,42087960200,1584,1238,346
1400000US42087960300,42087960300,1806,1276,530
1400000US42087960400,42087960400,1232,1032,200
1400000US42087960500,42087960500,1599,1219,380
1400000US42087960600,42087960600,2407,1709,698
1400000US42087960700,42087960700,968,397,571
1400000US42087960800,42087960800,1452,653,799
1400000US42087960900,42087960900,1173,558,615
1400000US42087961000,42087961000,848,561,287
1400000US42087961100,42087961100,3193,2544,649
1400000US42087961200,42087961200,1143,983,160
1400000US42089300101,42089300101,1185,1004,181
1400000US42089300102,42089300102,2092,1817,275
1400000US42089300201,42089300201,1606,1099,507
1400000US42089300202,42089300202,2351,1566,785
1400000US42089300301,42089300301,1424,1073,351
1400000US42089300304,42089300304,1989,1865,124
1400000US42089300305,42089300305,2050,1602,448
1400000US42089300307,42089300307,2135,1594,541
1400000US42089300308,42089300308,944,746,198
1400000US42089300309,42089300309,1695,1527,168
1400000US42089300311,42089300311,706,630,76
1400000US42089300312,42089300312,844,703,141
1400000US42089300401,42089300401,1612,1208,404
1400000US42089300402,42089300402,2122,1762,360
1400000US42089300403,42089300403,2199,1733,466
1400000US42089300501,42089300501,919,606,313
1400000US42089300502,42089300502,1692,1273,419
1400000US42089300600,42089300600,1775,1125,650
1400000US42089300700,42089300700,1486,508,978
1400000US42089300800,42089300800,2359,869,1490
1400000US42089300900,42089300900,1911,1396,515
1400000US42089301001,42089301001,3596,3001,595
1400000US42089301002,42089301002,840,669,171
1400000US42089301101,42089301101,2082,1816,266
1400000US42089301102,42089301102,837,641,196
1400000US42089301202,42089301202,1657,1275,382
1400000US42089301203,42089301203,1907,1801,106
1400000US42089301204,42089301204,1450,1245,205
1400000US42089301205,42089301205,2652,2482,170
1400000US42089301301,42089301301,2984,2746,238
1400000US42089301302,42089301302,1009,813,196
1400000US42089301401,42089301401,1696,1168,528
1400000US42089301402,42089301402,1720,1624,96
1400000US42091200103,42091200103,1286,1206,80
1400000US42091200104,42091200104,1440,1403,37
1400000US42091200105,42091200105,923,810,113
1400000US42091200106,42091200106,911,428,483
1400000US42091200200,42091200200,405,261,144
1400000US42091200301,42091200301,2580,1132,1448
1400000US42091200305,42091200305,811,683,128
1400000US42091200306,42091200306,1327,938,389
1400000US42091200307,42091200307,1341,675,666
1400000US42091200308,42091200308,1565,954,611
1400000US42091200309,42091200309,959,860,99
1400000US42091200310,42091200310,1060,854,206
1400000US42091200401,42091200401,1393,823,570
1400000US42091200402,42091200402,1612,966,646
1400000US42091200501,42091200501,1300,1240,60
1400000US42091200502,42091200502,2338,1074,1264
1400000US42091200505,42091200505,2529,1641,888
1400000US42091200506,42091200506,1544,1408,136
1400000US42091200507,42091200507,2170,1961,209
1400000US42091200602,42091200602,3120,2583,537
1400000US42091200603,42091200603,1197,1121,76
1400000US42091200605,42091200605,2404,2204,200
1400000US42091200606,42091200606,1207,966,241
1400000US42091200607,42091200607,1573,1529,44
1400000US42091200703,42091200703,1595,1244,351
1400000US42091200704,42091200704,1394,852,542
1400000US42091200707,42091200707,1752,807,945
1400000US42091200708,42091200708,2067,1560,507
1400000US42091200800,42091200800,1195,621,574
1400000US42091200901,42091200901,1562,794,768
1400000US42091200902,42091200902,513,269,244
1400000US42091200903,42091200903,1850,748,1102
1400000US42091200906,42091200906,744,462,282
1400000US42091200907,42091200907,951,672,279
1400000US42091200908,42091200908,878,489,389
1400000US42091201003,42091201003,2124,1329,795
1400000US42091201004,42091201004,2190,1342,848
1400000US42091201005,42091201005,1144,1029,115
1400000US42091201006,42091201006,926,875,51
1400000US42091201100,42091201100,1316,916,400
1400000US42091201201,42091201201,2325,1811,514
1400000US42091201203,42091201203,1299,813,486
1400000US42091201204,42091201204,900,747,153
1400000US42091201301,42091201301,1353,738,615
1400000US42091201302,42091201302,1297,599,698
1400000US42091201404,42091201404,1853,1244,609
1400000US42091201406,42091201406,1605,1507,98
1400000US42091201407,42091201407,874,800,74
1400000US42091201408,42091201408,1480,1426,54
1400000US42091201409,42091201409,1473,1372,101
1400000US42091201410,42091201410,1011,821,190
1400000US42091201411,42091201411,1048,836,212
1400000US42091201501,42091201501,1419,863,556
1400000US42091201502,42091201502,696,683,13
1400000US42091201603,42091201603,1661,1475,186
1400000US42091201604,42091201604,1134,1108,26
1400000US42091201605,42091201605,1026,986,40
1400000US42091201606,42091201606,846,573,273
1400000US42091201607,42091201607,1342,1075,267
1400000US42091201608,42091201608,1721,1359,362
1400000US42091201703,42091201703,1147,981,166
1400000US42091201704,42091201704,1215,942,273
1400000US42091201705,42091201705,1667,1338,329
1400000US42091201706,42091201706,1657,1293,364
1400000US42091201800,42091201800,1313,794,519
1400000US42091201901,42091201901,1813,1594,219
1400000US42091201902,42091201902,2215,1648,567
1400000US42091202000,42091202000,1087,652,435
1400000US42091202100,42091202100,1774,1155,619
1400000US42091202201,42091202201,1808,1384,424
1400000US42091202202,42091202202,1006,980,26
1400000US42091202301,42091202301,1858,1494,364
1400000US42091202302,42091202302,937,768,169
1400000US42091202401,42091202401,1969,11,1958
1400000US42091202402,42091202402,1798,1347,451
1400000US42091202500,42091202500,2079,1055,1024
1400000US42091202602,42091202602,970,609,361
1400000US42091202603,42091202603,1104,826,278
1400000US42091202604,42091202604,863,751,112
1400000US42091203000,42091203000,1035,810,225
1400000US42091203103,42091203103,1050,989,61
1400000US42091203104,42091203104,1737,1372,365
1400000US42091203105,42091203105,2158,1636,522
1400000US42091203106,42091203106,904,423,481
1400000US42091203203,42091203203,1476,915,561
1400000US42091203204,42091203204,2569,1890,679
1400000US42091203205,42091203205,746,630,116
1400000US42091203207,42091203207,1150,980,170
1400000US42091203208,42091203208,1237,1108,129
1400000US42091203302,42091203302,2318,2245,73
1400000US42091203303,42091203303,1889,1334,555
1400000US42091203304,42091203304,1832,1044,788
1400000US42091203401,42091203401,2889,1959,930
1400000US42091203402,42091203402,2962,1610,1352
1400000US42091203403,42091203403,1585,1288,297
1400000US42091203500,42091203500,2460,1323,1137
1400000US42091203601,42091203601,1024,396,628
1400000US42091203602,42091203602,1474,1107,367
1400000US42091203700,42091203700,485,200,285
1400000US42091203801,42091203801,1304,664,640
1400000US42091203803,42091203803,2008,479,1529
1400000US42091203804,42091203804,1066,358,708
1400000US42091203901,42091203901,1143,152,991
1400000US42091203902,42091203902,1652,269,1383
1400000US42091204002,42091204002,1371,841,530
1400000US42091204007,42091204007,947,445,502
1400000US42091204008,42091204008,1150,769,381
1400000US42091204009,42091204009,782,558,224
1400000US42091204010,42091204010,947,895,52
1400000US42091204101,42091204101,1758,1174,584
1400000US42091204102,42091204102,2199,815,1384
1400000US42091204200,42091204200,602,433,169
1400000US42091204300,42091204300,1224,1038,186
1400000US42091204400,42091204400,1193,874,319
1400000US42091204500,42091204500,1475,1249,226
1400000US42091204600,42091204600,1523,1441,82
1400000US42091204701,42091204701,1057,918,139
1400000US42091204702,42091204702,1254,1041,213
1400000US42091204800,42091204800,1953,1707,246
1400000US42091204900,42091204900,1729,1592,137
1400000US42091205000,42091205000,748,465,283
1400000US42091205100,42091205100,600,227,373
1400000US42091205200,42091205200,1320,916,404
1400000US42091205300,42091205300,947,274,673
1400000US42091205400,42091205400,2732,1475,1257
1400000US42091205501,42091205501,1712,926,786
1400000US42091205502,42091205502,1326,1248,78
1400000US42091205503,42091205503,1864,1631,233
1400000US42091205600,42091205600,1857,1211,646
1400000US42091205700,42091205700,2048,952,1096
1400000US42091205801,42091205801,1696,464,1232
1400000US42091205805,42091205805,1326,1164,162
1400000US42091205806,42091205806,871,523,348
1400000US42091205807,42091205807,793,350,443
1400000US42091205808,42091205808,1937,1678,259
1400000US42091205809,42091205809,976,937,39
1400000US42091205903,42091205903,1012,987,25
1400000US42091205904,42091205904,980,940,40
1400000US42091205905,42091205905,1702,659,1043
1400000US42091205906,42091205906,883,659,224
1400000US42091206004,42091206004,1604,1065,539
1400000US42091206005,42091206005,1497,1362,135
1400000US42091206006,42091206006,1421,864,557
1400000US42091206007,42091206007,2267,1491,776
1400000US42091206102,42091206102,3529,3195,334
1400000US42091206104,42091206104,1121,1026,95
1400000US42091206105,42091206105,1632,1579,53
1400000US42091206106,42091206106,1777,1500,277
1400000US42091206201,42091206201,1176,591,585
1400000US42091206202,42091206202,1006,385,621
1400000US42091206300,42091206300,1322,986,336
1400000US42091206400,42091206400,1365,984,381
1400000US42091206501,42091206501,1383,1283,100
1400000US42091206502,42091206502,1745,1522,223
1400000US42091206600,42091206600,632,367,265
1400000US42091206702,42091206702,5,0,5
1400000US42091206703,42091206703,1559,1426,133
1400000US42091206704,42091206704,2721,2412,309
1400000US42091206801,42091206801,2655,2118,537
1400000US42091206802,42091206802,1169,1017,152
1400000US42091206901,42091206901,1941,917,1024
1400000US42091206904,42091206904,2620,1618,1002
1400000US42091206905,42091206905,1827,1618,209
1400000US42091206906,42091206906,1225,1040,185
1400000US42091207001,42091207001,2776,2348,428
1400000US42091207003,42091207003,1184,675,509
1400000US42091207004,42091207004,1749,1274,475
1400000US42091207101,42091207101,2159,1628,531
1400000US42091207103,42091207103,1479,1352,127
1400000US42091207104,42091207104,1198,1058,140
1400000US42091207201,42091207201,969,687,282
1400000US42091207202,42091207202,1659,1006,653
1400000US42091207300,42091207300,967,609,358
1400000US42091207400,42091207400,1090,938,152
1400000US42091207500,42091207500,1140,942,198
1400000US42091207600,42091207600,1460,1214,246
1400000US42091207800,42091207800,2678,2431,247
1400000US42091207900,42091207900,1039,661,378
1400000US42091208000,42091208000,1381,1066,315
1400000US42091208100,42091208100,1117,774,343
1400000US42091208201,42091208201,832,737,95
1400000US42091208203,42091208203,1847,1396,451
1400000US42091208204,42091208204,1233,1104,129
1400000US42091208301,42091208301,951,841,110
1400000US42091208302,42091208302,3434,3333,101
1400000US42091208400,42091208400,1504,1140,364
1400000US42091208500,42091208500,1860,1661,199
1400000US42091208601,42091208601,2256,2015,241
1400000US42091208603,42091208603,2536,2122,414
1400000US42091208604,42091208604,2354,1601,753
1400000US42091208702,42091208702,1319,1208,111
1400000US42091208703,42091208703,1592,1315,277
1400000US42091208704,42091208704,1700,1077,623
1400000US42091208801,42091208801,615,181,434
1400000US42091208802,42091208802,1303,633,670
1400000US42091208901,42091208901,1565,939,626
1400000US42091208903,42091208903,1113,674,439
1400000US42091208904,42091208904,1400,364,1036
1400000US42091208905,42091208905,1210,755,455
1400000US42091208906,42091208906,1534,825,709
1400000US42091209000,42091209000,593,329,264
1400000US42091209100,42091209100,1824,1665,159
1400000US42091209201,42091209201,601,388,213
1400000US42091209202,42091209202,909,522,387
1400000US42091210100,42091210100,1513,1166,347
1400000US42091210200,42091210200,993,990,3
1400000US42091210300,42091210300,1468,1112,356
1400000US42091210400,42091210400,1842,1477,365
1400000US42091210500,42091210500,1566,1325,241
1400000US42091210600,42091210600,1667,1202,465
1400000US42091210700,42091210700,1941,1754,187
1400000US42093050100,42093050100,1375,1197,178
1400000US42093050200,42093050200,1603,1045,558
1400000US42093050300,42093050300,2291,1127,1164
1400000US42093050400,42093050400,2154,1924,230
1400000US42095010100,42095010100,1577,874,703
1400000US42095010200,42095010200,1508,1370,138
1400000US42095010300,42095010300,1418,1001,417
1400000US42095010400,42095010400,2083,1606,477
1400000US42095010500,42095010500,1752,399,1353
1400000US42095010600,42095010600,3019,1996,1023
1400000US42095010700,42095010700,1697,843,854
1400000US42095010800,42095010800,1398,322,1076
1400000US42095010900,42095010900,1158,526,632
1400000US42095011000,42095011000,1182,180,1002
1400000US42095011100,42095011100,84,33,51
1400000US42095011200,42095011200,1835,740,1095
1400000US42095011300,42095011300,1696,497,1199
1400000US42095014100,42095014100,1424,876,548
1400000US42095014200,42095014200,2229,917,1312
1400000US42095014300,42095014300,1378,513,865
1400000US42095014400,42095014400,1169,182,987
1400000US42095014500,42095014500,1096,622,474
1400000US42095014600,42095014600,1216,580,636
1400000US42095014700,42095014700,1009,636,373
1400000US42095015201,42095015201,2695,1385,1310
1400000US42095015300,42095015300,1885,1650,235
1400000US42095015400,42095015400,1306,1213,93
1400000US42095015500,42095015500,2529,2054,475
1400000US42095015600,42095015600,1446,845,601
1400000US42095015700,42095015700,1234,619,615
1400000US42095015801,42095015801,1834,1747,87
1400000US42095015802,42095015802,1144,1047,97
1400000US42095015901,42095015901,2218,2034,184
1400000US42095015902,42095015902,1408,1210,198
1400000US42095016001,42095016001,2349,2084,265
1400000US42095016002,42095016002,1754,1610,144
1400000US42095016100,42095016100,825,628,197
1400000US42095016201,42095016201,2356,1450,906
1400000US42095016202,42095016202,1739,1338,401
1400000US42095016300,42095016300,1085,793,292
1400000US42095016400,42095016400,1826,1744,82
1400000US42095016500,42095016500,1928,1650,278
1400000US42095016600,42095016600,1014,638,376
1400000US42095016700,42095016700,2029,1674,355
1400000US42095016800,42095016800,2538,1128,1410
1400000US42095016901,42095016901,1208,1143,65
1400000US42095016902,42095016902,927,779,148
1400000US42095017000,42095017000,774,635,139
1400000US42095017101,42095017101,2323,2198,125
1400000US42095017102,42095017102,3338,2899,439
1400000US42095017200,42095017200,2442,1475,967
1400000US42095017300,42095017300,1055,707,348
1400000US42095017401,42095017401,3192,2836,356
1400000US42095017402,42095017402,1553,1479,74
1400000US42095017501,42095017501,1653,1077,576
1400000US42095017502,42095017502,2127,1553,574
1400000US42095017603,42095017603,1530,1310,220
1400000US42095017604,42095017604,1770,1507,263
1400000US42095017605,42095017605,1531,1047,484
1400000US42095017606,42095017606,1642,1571,71
1400000US42095017607,42095017607,2299,2165,134
1400000US42095017702,42095017702,877,828,49
1400000US42095017703,42095017703,1046,815,231
1400000US42095017704,42095017704,2333,1838,495
1400000US42095017800,42095017800,989,688,301
1400000US42095017901,42095017901,1457,908,549
1400000US42095017902,42095017902,826,651,175
1400000US42095018001,42095018001,1553,1368,185
1400000US42095018002,42095018002,2642,2230,412
1400000US42095018100,42095018100,2492,2029,463
1400000US42095018200,42095018200,1385,1077,308
1400000US42095018300,42095018300,1793,1473,320
1400000US42097080100,42097080100,1658,1413,245
1400000US42097080200,42097080200,3165,2173,992
1400000US42097080300,42097080300,2953,1745,1208
1400000US42097080400,42097080400,1435,1190,245
1400000US42097080500,42097080500,1440,1147,293
1400000US42097080600,42097080600,1664,1175,489
1400000US42097080700,42097080700,1296,1131,165
1400000US42097080800,42097080800,3066,2606,460
1400000US42097080900,42097080900,1615,1225,390
1400000US42097081000,42097081000,1487,952,535
1400000US42097081100,42097081100,1357,841,516
1400000US42097081200,42097081200,1473,1168,305
1400000US42097081300,42097081300,1104,676,428
1400000US42097081400,42097081400,917,757,160
1400000US42097081500,42097081500,1096,651,445
1400000US42097081600,42097081600,1213,738,475
1400000US42097081700,42097081700,1166,645,521
1400000US42097081800,42097081800,1336,1121,215
1400000US42097081900,42097081900,2396,2134,262
1400000US42097082000,42097082000,1542,888,654
1400000US42097082100,42097082100,1166,490,676
1400000US42097082200,42097082200,1464,683,781
1400000US42097082300,42097082300,1989,1626,363
1400000US42097082400,42097082400,1283,825,458
1400000US42099030100,42099030100,1897,1555,342
1400000US42099030201,42099030201,999,899,100
1400000US42099030202,42099030202,1934,1273,661
1400000US42099030301,42099030301,1925,1247,678
1400000US42099030302,42099030302,1782,1596,186
1400000US42099030400,42099030400,2138,1728,410
1400000US42099030501,42099030501,2270,2033,237
1400000US42099030502,42099030502,2245,1808,437
1400000US42099030601,42099030601,1634,1294,340
1400000US42099030602,42099030602,1112,939,173
1400000US42101000100,42101000100,2367,713,1654
1400000US42101000200,42101000200,1010,358,652
1400000US42101000300,42101000300,1805,416,1389
1400000US42101000401,42101000401,1690,491,1199
1400000US42101000402,42101000402,2483,1493,990
1400000US42101000500,42101000500,933,42,891
1400000US42101000600,42101000600,674,38,636
1400000US42101000700,42101000700,2429,604,1825
1400000US42101000801,42101000801,797,223,574
1400000US42101000803,42101000803,1837,651,1186
1400000US42101000804,42101000804,3085,863,2222
1400000US42101000901,42101000901,1409,99,1310
1400000US42101000902,42101000902,1315,204,1111
1400000US42101001001,42101001001,1450,969,481
1400000US42101001002,42101001002,1692,1022,670
1400000US42101001101,42101001101,1813,684,1129
1400000US42101001102,42101001102,1492,470,1022
1400000US42101001201,42101001201,2106,1153,953
1400000US42101001202,42101001202,2793,744,2049
1400000US42101001300,42101001300,2734,1628,1106
1400000US42101001400,42101001400,2168,1095,1073
1400000US42101001500,42101001500,1497,686,811
1400000US42101001600,42101001600,1082,545,537
1400000US42101001700,42101001700,1353,780,573
1400000US42101001800,42101001800,1486,756,730
1400000US42101001900,42101001900,1472,736,736
1400000US42101002000,42101002000,853,515,338
1400000US42101002100,42101002100,883,589,294
1400000US42101002200,42101002200,1063,437,626
1400000US42101002300,42101002300,1248,685,563
1400000US42101002400,42101002400,2128,997,1131
1400000US42101002500,42101002500,1707,945,762
1400000US42101002701,42101002701,1422,617,805
1400000US42101002702,42101002702,1780,1275,505
1400000US42101002801,42101002801,1577,851,726
1400000US42101002802,42101002802,2133,1365,768
1400000US42101002900,42101002900,1778,1135,643
1400000US42101003001,42101003001,1446,882,564
1400000US42101003002,42101003002,1233,710,523
1400000US42101003100,42101003100,1924,987,937
1400000US42101003200,42101003200,1453,775,678
1400000US42101003300,42101003300,2375,1145,1230
1400000US42101003600,42101003600,2691,985,1706
1400000US42101003701,42101003701,2065,1238,827
1400000US42101003702,42101003702,1404,822,582
1400000US42101003800,42101003800,1526,1353,173
1400000US42101003901,42101003901,2740,1575,1165
1400000US42101003902,42101003902,2281,1842,439
1400000US42101004001,42101004001,1883,1223,660
1400000US42101004002,42101004002,2085,1738,347
1400000US42101004101,42101004101,2065,1167,898
1400000US42101004102,42101004102,2630,1361,1269
1400000US42101004201,42101004201,2024,1478,546
1400000US42101004202,42101004202,1701,1321,380
1400000US42101005000,42101005000,0,0,0
1400000US42101005400,42101005400,653,206,447
1400000US42101005500,42101005500,2503,1672,831
1400000US42101005600,42101005600,529,119,410
1400000US42101006000,42101006000,2478,1758,720
1400000US42101006100,42101006100,1117,806,311
1400000US42101006200,42101006200,1536,790,746
1400000US42101006300,42101006300,1386,487,899
1400000US42101006400,42101006400,1394,840,554
1400000US42101006500,42101006500,1754,925,829
1400000US42101006600,42101006600,1314,476,838
1400000US42101006700,42101006700,2577,1332,1245
1400000US42101006900,42101006900,988,363,625
1400000US42101007000,42101007000,1446,865,581
1400000US42101007101,42101007101,834,369,465
1400000US42101007102,42101007102,1827,1047,780
1400000US42101007200,42101007200,1801,978,823
1400000US42101007300,42101007300,1108,562,546
1400000US42101007400,42101007400,1748,781,967
1400000US42101007700,42101007700,651,97,554
1400000US42101007800,42101007800,2026,550,1476
1400000US42101007900,42101007900,2066,774,1292
1400000US42101008000,42101008000,1429,879,550
1400000US42101008101,42101008101,986,447,539
1400000US42101008102,42101008102,1832,1211,621
1400000US42101008200,42101008200,2551,1611,940
1400000US42101008301,42101008301,1647,881,766
1400000US42101008302,42101008302,1815,851,964
1400000US42101008400,42101008400,1638,831,807
1400000US42101008500,42101008500,2667,1233,1434
1400000US42101008601,42101008601,1380,365,1015
1400000US42101008602,42101008602,1067,280,787
1400000US42101008701,42101008701,1829,272,1557
1400000US42101008702,42101008702,1257,137,1120
1400000US42101008801,42101008801,173,0,173
1400000US42101008802,42101008802,1312,100,1212
1400000US42101009000,42101009000,954,111,843
1400000US42101009100,42101009100,1531,220,1311
1400000US42101009200,42101009200,1289,329,960
1400000US42101009300,42101009300,1665,904,761
1400000US42101009400,42101009400,1904,693,1211
1400000US42101009500,42101009500,1277,607,670
1400000US42101009600,42101009600,1677,759,918
1400000US42101009801,42101009801,921,571,350
1400000US42101009802,42101009802,2164,1624,540
1400000US42101010000,42101010000,1579,857,722
1400000US42101010100,42101010100,2420,1385,1035
1400000US42101010200,42101010200,1294,550,744
1400000US42101010300,42101010300,911,331,580
1400000US42101010400,42101010400,1403,706,697
1400000US42101010500,42101010500,1463,420,1043
1400000US42101010600,42101010600,633,206,427
1400000US42101010700,42101010700,1274,357,917
1400000US42101010800,42101010800,1513,639,874
1400000US42101010900,42101010900,929,255,674
1400000US42101011000,42101011000,1444,497,947
1400000US42101011100,42101011100,1274,692,582
1400000US42101011200,42101011200,2085,1251,834
1400000US42101011300,42101011300,1152,716,436
1400000US42101011400,42101011400,2867,1810,1057
1400000US42101011500,42101011500,1675,1247,428
1400000US42101011700,42101011700,329,272,57
1400000US42101011800,42101011800,2286,1671,615
1400000US42101011900,42101011900,2110,1168,942
1400000US42101012000,42101012000,664,314,350
1400000US42101012100,42101012100,1373,460,913
1400000US42101012201,42101012201,2007,14,1993
1400000US42101012203,42101012203,242,0,242
1400000US42101012204,42101012204,1889,1101,788
1400000US42101012500,42101012500,2923,467,2456
1400000US42101013100,42101013100,679,214,465
1400000US42101013200,42101013200,1000,152,848
1400000US42101013300,42101013300,1404,284,1120
1400000US42101013401,42101013401,1387,850,537
1400000US42101013402,42101013402,1510,465,1045
1400000US42101013500,42101013500,1510,777,733
1400000US42101013601,42101013601,1388,924,464
1400000US42101013602,42101013602,1751,970,781
1400000US42101013700,42101013700,2063,934,1129
1400000US42101013800,42101013800,830,374,456
1400000US42101013900,42101013900,1139,184,955
1400000US42101014000,42101014000,1279,341,938
1400000US42101014100,42101014100,1043,297,746
1400000US42101014200,42101014200,2124,821,1303
1400000US42101014300,42101014300,738,470,268
1400000US42101014400,42101014400,1486,679,807
1400000US42101014500,42101014500,628,228,400
1400000US42101014600,42101014600,1035,480,555
1400000US42101014700,42101014700,973,189,784
1400000US42101014800,42101014800,439,115,324
1400000US42101014900,42101014900,1659,487,1172
1400000US42101015101,42101015101,804,267,537
1400000US42101015102,42101015102,1609,540,1069
1400000US42101015200,42101015200,1833,619,1214
1400000US42101015300,42101015300,1173,192,981
1400000US42101015600,42101015600,591,233,358
1400000US42101015700,42101015700,886,484,402
1400000US42101015800,42101015800,2679,1676,1003
1400000US42101016000,42101016000,2659,1779,880
1400000US42101016100,42101016100,2080,1157,923
1400000US42101016200,42101016200,879,379,500
1400000US42101016300,42101016300,1158,372,786
1400000US42101016400,42101016400,1605,475,1130
1400000US42101016500,42101016500,1099,311,788
1400000US42101016600,42101016600,675,181,494
1400000US42101016701,42101016701,1201,623,578
1400000US42101016702,42101016702,1155,454,701
1400000US42101016800,42101016800,1585,750,835
1400000US42101016901,42101016901,1299,691,608
1400000US42101016902,42101016902,1940,744,1196
1400000US42101017000,42101017000,1319,331,988
1400000US42101017100,42101017100,1610,1047,563
1400000US42101017201,42101017201,1220,627,593
1400000US42101017202,42101017202,1590,903,687
1400000US42101017300,42101017300,1123,556,567
1400000US42101017400,42101017400,847,376,471
1400000US42101017500,42101017500,2426,981,1445
1400000US42101017601,42101017601,2025,1008,1017
1400000US42101017602,42101017602,1348,577,771
1400000US42101017701,42101017701,1100,386,714
1400000US42101017702,42101017702,1578,554,1024
1400000US42101017800,42101017800,1994,743,1251
1400000US42101017900,42101017900,2130,882,1248
1400000US42101018001,42101018001,1126,735,391
1400000US42101018002,42101018002,2298,1622,676
1400000US42101018300,42101018300,1454,1209,245
1400000US42101018400,42101018400,811,646,165
1400000US42101018800,42101018800,2429,1384,1045
1400000US42101019000,42101019000,2675,1051,1624
1400000US42101019100,42101019100,2901,2021,880
1400000US42101019200,42101019200,2294,1099,1195
1400000US42101019501,42101019501,1703,683,1020
1400000US42101019502,42101019502,1073,435,638
1400000US42101019700,42101019700,2212,1008,1204
1400000US42101019800,42101019800,2100,1032,1068
1400000US42101019900,42101019900,1362,609,753
1400000US42101020000,42101020000,541,137,404
1400000US42101020101,42101020101,1698,441,1257
1400000US42101020102,42101020102,1221,439,782
1400000US42101020200,42101020200,2109,890,1219
1400000US42101020300,42101020300,987,441,546
1400000US42101020400,42101020400,1119,483,636
1400000US42101020500,42101020500,1229,464,765
1400000US42101020600,42101020600,714,191,523
1400000US42101020700,42101020700,2292,1271,1021
1400000US42101020800,42101020800,1116,238,878
1400000US42101020900,42101020900,1196,553,643
1400000US42101021000,42101021000,2047,1183,864
1400000US42101021100,42101021100,1041,602,439
1400000US42101021200,42101021200,1041,632,409
1400000US42101021300,42101021300,1360,791,569
1400000US42101021400,42101021400,1595,683,912
1400000US42101021500,42101021500,1615,928,687
1400000US42101021600,42101021600,1001,382,619
1400000US42101021700,42101021700,2436,1872,564
1400000US42101021800,42101021800,2217,629,1588
1400000US42101021900,42101021900,656,515,141
1400000US42101022000,42101022000,679,481,198
1400000US42101023100,42101023100,496,283,213
1400000US42101023500,42101023500,560,342,218
1400000US42101023600,42101023600,1070,582,488
1400000US42101023700,42101023700,2045,911,1134
1400000US42101023800,42101023800,1779,759,1020
1400000US42101023900,42101023900,954,222,732
1400000US42101024000,42101024000,1496,622,874
1400000US42101024100,42101024100,691,136,555
1400000US42101024200,42101024200,1690,637,1053
1400000US42101024300,42101024300,1461,673,788
1400000US42101024400,42101024400,1100,467,633
1400000US42101024500,42101024500,1570,581,989
1400000US42101024600,42101024600,1014,286,728
1400000US42101024700,42101024700,1584,760,824
1400000US42101024800,42101024800,729,525,204
1400000US42101024900,42101024900,1118,765,353
1400000US42101025200,42101025200,2622,1271,1351
1400000US42101025300,42101025300,1574,986,588
1400000US42101025400,42101025400,1988,1320,668
1400000US42101025500,42101025500,1126,766,360
1400000US42101025600,42101025600,1141,764,377
1400000US42101025700,42101025700,1930,429,1501
1400000US42101025800,42101025800,745,536,209
1400000US42101025900,42101025900,2033,1309,724
1400000US42101026000,42101026000,1257,875,382
1400000US42101026100,42101026100,1410,986,424
1400000US42101026200,42101026200,1686,1350,336
1400000US42101026301,42101026301,1551,1137,414
1400000US42101026302,42101026302,2019,1578,441
1400000US42101026400,42101026400,2185,1960,225
1400000US42101026500,42101026500,1682,1115,567
1400000US42101026600,42101026600,2173,1765,408
1400000US42101026700,42101026700,2538,1584,954
1400000US42101026800,42101026800,1915,656,1259
1400000US42101026900,42101026900,696,417,279
1400000US42101027000,42101027000,907,550,357
1400000US42101027100,42101027100,910,661,249
1400000US42101027200,42101027200,1885,988,897
1400000US42101027300,42101027300,2113,1247,866
1400000US42101027401,42101027401,1141,669,472
1400000US42101027402,42101027402,2302,1622,680
1400000US42101027500,42101027500,1683,1129,554
1400000US42101027600,42101027600,1425,592,833
1400000US42101027700,42101027700,1945,980,965
1400000US42101027800,42101027800,1912,971,941
1400000US42101027901,42101027901,1450,1022,428
1400000US42101027902,42101027902,910,407,503
1400000US42101028000,42101028000,1657,784,873
1400000US42101028100,42101028100,1428,806,622
1400000US42101028200,42101028200,2126,995,1131
1400000US42101028300,42101028300,2336,836,1500
1400000US42101028400,42101028400,1267,852,415
1400000US42101028500,42101028500,855,340,515
1400000US42101028600,42101028600,2270,934,1336
1400000US42101028700,42101028700,832,320,512
1400000US42101028800,42101028800,1266,571,695
1400000US42101028901,42101028901,1257,705,552
1400000US42101028902,42101028902,1966,1003,963
1400000US42101029000,42101029000,2134,1018,1116
1400000US42101029100,42101029100,1592,523,1069
1400000US42101029200,42101029200,1319,880,439
1400000US42101029300,42101029300,846,492,354
1400000US42101029400,42101029400,1015,483,532
1400000US42101029800,42101029800,1935,982,953
1400000US42101029900,42101029900,1611,608,1003
1400000US42101030000,42101030000,2372,858,1514
1400000US42101030100,42101030100,2188,753,1435
1400000US42101030200,42101030200,2533,1514,1019
1400000US42101030501,42101030501,1896,1058,838
1400000US42101030502,42101030502,2044,1369,675
1400000US42101030600,42101030600,2635,1536,1099
1400000US42101030700,42101030700,1442,558,884
1400000US42101030800,42101030800,1719,1225,494
1400000US42101030900,42101030900,1302,640,662
1400000US42101031000,42101031000,2173,1456,717
1400000US42101031101,42101031101,1680,804,876
1400000US42101031102,42101031102,1501,1124,377
1400000US42101031200,42101031200,1615,884,731
1400000US42101031300,42101031300,2220,895,1325
1400000US42101031401,42101031401,2115,959,1156
1400000US42101031402,42101031402,1823,1122,701
1400000US42101031501,42101031501,2093,1575,518
1400000US42101031502,42101031502,1375,851,524
1400000US42101031600,42101031600,2175,1394,781
1400000US42101031700,42101031700,2364,1375,989
1400000US42101031800,42101031800,1458,810,648
1400000US42101031900,42101031900,1718,1016,702
1400000US42101032000,42101032000,2458,1916,542
1400000US42101032100,42101032100,1426,750,676
1400000US42101032300,42101032300,1378,744,634
1400000US42101032500,42101032500,2081,1222,859
1400000US42101032600,42101032600,2425,1721,704
1400000US42101032900,42101032900,1389,626,763
1400000US42101033000,42101033000,2665,1559,1106
1400000US42101033101,42101033101,1705,1296,409
1400000US42101033102,42101033102,1580,1079,501
1400000US42101033200,42101033200,957,807,150
1400000US42101033300,42101033300,1747,1044,703
1400000US42101033400,42101033400,1878,1099,779
1400000US42101033500,42101033500,1389,865,524
1400000US42101033600,42101033600,2764,1314,1450
1400000US42101033701,42101033701,2184,780,1404
1400000US42101033702,42101033702,1946,1513,433
1400000US42101033800,42101033800,2300,1432,868
1400000US42101033900,42101033900,1183,735,448
1400000US42101034000,42101034000,1036,934,102
1400000US42101034100,42101034100,2306,1339,967
1400000US42101034200,42101034200,1480,754,726
1400000US42101034400,42101034400,2717,2315,402
1400000US42101034501,42101034501,1845,248,1597
1400000US42101034502,42101034502,2442,775,1667
1400000US42101034600,42101034600,1213,271,942
1400000US42101034701,42101034701,2512,1899,613
1400000US42101034702,42101034702,1413,1219,194
1400000US42101034801,42101034801,1855,866,989
1400000US42101034802,42101034802,2018,941,1077
1400000US42101034803,42101034803,1535,1202,333
1400000US42101034900,42101034900,2084,1123,961
1400000US42101035100,42101035100,2340,1482,858
1400000US42101035200,42101035200,1606,1216,390
1400000US42101035301,42101035301,1955,1595,360
1400000US42101035302,42101035302,1913,1120,793
1400000US42101035500,42101035500,2842,1805,1037
1400000US42101035601,42101035601,2293,1473,820
1400000US42101035602,42101035602,1238,1001,237
1400000US42101035701,42101035701,1912,627,1285
1400000US42101035702,42101035702,1597,506,1091
1400000US42101035800,42101035800,2213,1859,354
1400000US42101035900,42101035900,2170,1499,671
1400000US42101036000,42101036000,1113,707,406
1400000US42101036100,42101036100,1306,844,462
1400000US42101036201,42101036201,1918,1290,628
1400000US42101036202,42101036202,2349,1912,437
1400000US42101036203,42101036203,1785,1644,141
1400000US42101036301,42101036301,1267,1048,219
1400000US42101036302,42101036302,1215,871,344
1400000US42101036303,42101036303,2281,2136,145
1400000US42101036400,42101036400,209,174,35
1400000US42101036501,42101036501,2274,1067,1207
1400000US42101036502,42101036502,1387,1116,271
1400000US42101036600,42101036600,1177,621,556
1400000US42101036700,42101036700,1542,689,853
1400000US42101036900,42101036900,672,11,661
1400000US42101037200,42101037200,1768,1467,301
1400000US42101037300,42101037300,2375,1600,775
1400000US42101037500,42101037500,1390,779,611
1400000US42101037600,42101037600,1318,330,988
1400000US42101037700,42101037700,1198,314,884
1400000US42101037800,42101037800,1021,725,296
1400000US42101037900,42101037900,2088,1569,519
1400000US42101038000,42101038000,796,487,309
1400000US42101038100,42101038100,311,159,152
1400000US42101038200,42101038200,932,481,451
1400000US42101038300,42101038300,1002,453,549
1400000US42101038400,42101038400,963,770,193
1400000US42101038500,42101038500,870,496,374
1400000US42101038600,42101038600,594,431,163
1400000US42101038700,42101038700,650,529,121
1400000US42101038800,42101038800,1648,1110,538
1400000US42101038900,42101038900,1308,884,424
1400000US42101039000,42101039000,2820,1657,1163
1400000US42101980000,42101980000,91,33,58
1400000US42101980100,42101980100,53,41,12
1400000US42101980200,42101980200,92,90,2
1400000US42101980300,42101980300,0,0,0
1400000US42101980400,42101980400,0,0,0
1400000US42101980500,42101980500,0,0,0
1400000US42101980600,42101980600,0,0,0
1400000US42101980700,42101980700,0,0,0
1400000US42101980800,42101980800,0,0,0
1400000US42101980900,42101980900,0,0,0
1400000US42101989100,42101989100,0,0,0
1400000US42103950102,42103950102,980,753,227
1400000US42103950103,42103950103,903,641,262
1400000US42103950104,42103950104,1019,788,231
1400000US42103950201,42103950201,1440,1327,113
1400000US42103950202,42103950202,579,515,64
1400000US42103950301,42103950301,1112,997,115
1400000US42103950302,42103950302,367,327,40
1400000US42103950501,42103950501,505,426,79
1400000US42103950502,42103950502,1167,906,261
1400000US42103950601,42103950601,603,474,129
1400000US42103950603,42103950603,559,310,249
1400000US42103950605,42103950605,1884,1655,229
1400000US42103950606,42103950606,2194,1991,203
1400000US42103950701,42103950701,1438,1331,107
1400000US42103950702,42103950702,1134,994,140
1400000US42103950801,42103950801,1666,1475,191
1400000US42103950802,42103950802,1980,1583,397
1400000US42103950900,42103950900,1849,1488,361
1400000US42105950100,42105950100,1806,1445,361
1400000US42105950200,42105950200,1153,916,237
1400000US42105950300,42105950300,1610,1114,496
1400000US42105950400,42105950400,1125,941,184
1400000US42105950500,42105950500,842,629,213
1400000US42107000100,42107000100,2243,1878,365
1400000US42107000200,42107000200,1018,607,411
1400000US42107000300,42107000300,2299,1896,403
1400000US42107000400,42107000400,907,811,96
1400000US42107000500,42107000500,1547,988,559
1400000US42107000601,42107000601,1497,875,622
1400000US42107000602,42107000602,548,297,251
1400000US42107000700,42107000700,1522,1376,146
1400000US42107000800,42107000800,1519,1105,414
1400000US42107000900,42107000900,2434,2017,417
1400000US42107001000,42107001000,1349,839,510
1400000US42107001100,42107001100,919,779,140
1400000US42107001200,42107001200,1691,1253,438
1400000US42107001300,42107001300,1225,936,289
1400000US42107001400,42107001400,964,796,168
1400000US42107001500,42107001500,1893,1227,666
1400000US42107001600,42107001600,1669,1418,251
1400000US42107001700,42107001700,1423,1068,355
1400000US42107001800,42107001800,916,694,222
1400000US42107001900,42107001900,2191,1097,1094
1400000US42107002000,42107002000,1351,884,467
1400000US42107002100,42107002100,594,446,148
1400000US42107002200,42107002200,1187,911,276
1400000US42107002300,42107002300,1294,869,425
1400000US42107002400,42107002400,1041,806,235
1400000US42107002500,42107002500,897,690,207
1400000US42107002600,42107002600,1851,1076,775
1400000US42107002700,42107002700,1226,660,566
1400000US42107002800,42107002800,1030,654,376
1400000US42107002900,42107002900,2116,1829,287
1400000US42107003000,42107003000,2314,1942,372
1400000US42107003100,42107003100,1226,825,401
1400000US42107003200,42107003200,2215,1710,505
1400000US42107003300,42107003300,2162,1597,565
1400000US42107003400,42107003400,1339,1179,160
1400000US42107003500,42107003500,2115,1782,333
1400000US42107003600,42107003600,1072,967,105
1400000US42107003700,42107003700,1517,1283,234
1400000US42107003800,42107003800,828,473,355
1400000US42107003900,42107003900,1609,1402,207
1400000US42109070100,42109070100,2381,1793,588
1400000US42109070200,42109070200,3141,2560,581
1400000US42109070300,42109070300,2166,1459,707
1400000US42109070400,42109070400,2020,1547,473
1400000US42109070500,42109070500,1286,945,341
1400000US42109070600,42109070600,1704,1403,301
1400000US42109070701,42109070701,1867,876,991
1400000US42109980705,42109980705,11,11,0
1400000US42111020101,42111020101,889,689,200
1400000US42111020102,42111020102,2300,1905,395
1400000US42111020200,42111020200,1924,1604,320
1400000US42111020300,42111020300,1825,1167,658
1400000US42111020400,42111020400,1529,1333,196
1400000US42111020500,42111020500,1189,1000,189
1400000US42111020600,42111020600,2334,1833,501
1400000US42111020700,42111020700,1139,1010,129
1400000US42111020800,42111020800,1642,1354,288
1400000US42111020900,42111020900,1822,1504,318
1400000US42111021000,42111021000,1887,1192,695
1400000US42111021100,42111021100,922,278,644
1400000US42111021200,42111021200,1108,966,142
1400000US42111021300,42111021300,1332,1122,210
1400000US42111021400,42111021400,1750,1396,354
1400000US42111021500,42111021500,973,824,149
1400000US42111021600,42111021600,867,553,314
1400000US42111021700,42111021700,1155,879,276
1400000US42111021800,42111021800,1380,1157,223
1400000US42111021901,42111021901,979,802,177
1400000US42111021902,42111021902,972,728,244
1400000US42113960100,42113960100,1536,1210,326
1400000US42113960200,42113960200,1112,949,163
1400000US42115032000,42115032000,1258,1026,232
1400000US42115032100,42115032100,1611,1390,221
1400000US42115032200,42115032200,1684,1078,606
1400000US42115032300,42115032300,1463,1029,434
1400000US42115032400,42115032400,1718,1501,217
1400000US42115032500,42115032500,1723,1399,324
1400000US42115032600,42115032600,1964,1331,633
1400000US42115032700,42115032700,1412,1118,294
1400000US42115032800,42115032800,2047,1676,371
1400000US42115032901,42115032901,1619,1277,342
1400000US42115032902,42115032902,905,588,317
1400000US42117950100,42117950100,1586,1224,362
1400000US42117950200,42117950200,1430,985,445
1400000US42117950300,42117950300,1508,1082,426
1400000US42117950400,42117950400,1674,1313,361
1400000US42117950500,42117950500,1777,1475,302
1400000US42117950600,42117950600,2236,1267,969
1400000US42117950700,42117950700,1949,1571,378
1400000US42117950800,42117950800,1446,935,511
1400000US42117950900,42117950900,1450,1216,234
1400000US42117951000,42117951000,1065,850,215
1400000US42119090102,42119090102,2253,1745,508
1400000US42119090200,42119090200,2298,1844,454
1400000US42119090300,42119090300,1634,1132,502
1400000US42119090400,42119090400,1597,1358,239
1400000US42119090502,42119090502,2857,1885,972
1400000US42119090600,42119090600,2041,1742,299
1400000US42119090700,42119090700,1989,690,1299
1400000US42119980101,42119980101,8,8,0
1400000US42119980501,42119980501,8,0,8
1400000US42119980800,42119980800,17,0,17
1400000US42121200000,42121200000,1369,1167,202
1400000US42121200100,42121200100,1507,1334,173
1400000US42121200200,42121200200,2271,1902,369
1400000US42121200300,42121200300,645,403,242
1400000US42121200400,42121200400,1137,465,672
1400000US42121200500,42121200500,1026,541,485
1400000US42121200600,42121200600,2171,1762,409
1400000US42121200700,42121200700,902,518,384
1400000US42121200800,42121200800,981,700,281
1400000US42121200900,42121200900,1085,602,483
1400000US42121201000,42121201000,1307,872,435
1400000US42121201100,42121201100,1835,1597,238
1400000US42121201200,42121201200,1274,995,279
1400000US42121201300,42121201300,1503,1102,401
1400000US42121201400,42121201400,1475,1253,222
1400000US42121201500,42121201500,1437,1190,247
1400000US42123970100,42123970100,1002,863,139
1400000US42123970200,42123970200,1607,1435,172
1400000US42123970300,42123970300,2165,1792,373
1400000US42123970400,42123970400,1067,917,150
1400000US42123970500,42123970500,1476,1087,389
1400000US42123970600,42123970600,1459,1179,280
1400000US42123970700,42123970700,1134,930,204
1400000US42123970800,42123970800,1607,700,907
1400000US42123970900,42123970900,1606,845,761
1400000US42123971000,42123971000,961,768,193
1400000US42123971100,42123971100,1261,1088,173
1400000US42123971200,42123971200,1022,842,180
1400000US42123971400,42123971400,728,580,148
1400000US42125704100,42125704100,572,27,545
1400000US42125711000,42125711000,1601,1387,214
1400000US42125712700,42125712700,579,406,173
1400000US42125713700,42125713700,1766,1280,486
1400000US42125714000,42125714000,1215,905,310
1400000US42125715700,42125715700,759,439,320
1400000US42125721000,42125721000,1692,1413,279
1400000US42125722700,42125722700,1340,1047,293
1400000US42125731000,42125731000,2302,1834,468
1400000US42125732000,42125732000,1267,1069,198
1400000US42125741100,42125741100,1784,1630,154
1400000US42125741300,42125741300,1461,1276,185
1400000US42125742100,42125742100,2421,2155,266
1400000US42125742200,42125742200,632,608,24
1400000US42125743700,42125743700,587,329,258
1400000US42125744100,42125744100,2446,1525,921
1400000US42125744200,42125744200,1480,652,828
1400000US42125745100,42125745100,3648,3017,631
1400000US42125745200,42125745200,2047,1913,134
1400000US42125746100,42125746100,2283,2123,160
1400000US42125746200,42125746200,1594,1537,57
1400000US42125746301,42125746301,1856,1710,146
1400000US42125746302,42125746302,1790,1687,103
1400000US42125751100,42125751100,2104,1734,370
1400000US42125751200,42125751200,1265,862,403
1400000US42125752700,42125752700,1766,1317,449
1400000US42125753700,42125753700,835,465,370
1400000US42125754200,42125754200,1005,448,557
1400000US42125754300,42125754300,1254,604,650
1400000US42125754400,42125754400,717,287,430
1400000US42125754500,42125754500,1186,832,354
1400000US42125754600,42125754600,837,369,468
1400000US42125755100,42125755100,2018,927,1091
1400000US42125755200,42125755200,2257,1872,385
1400000US42125755700,42125755700,1543,1176,367
1400000US42125761000,42125761000,2195,1796,399
1400000US42125762000,42125762000,1066,856,210
1400000US42125763700,42125763700,686,602,84
1400000US42125764000,42125764000,1397,858,539
1400000US42125771100,42125771100,2316,2193,123
1400000US42125771200,42125771200,1651,1219,432
1400000US42125772700,42125772700,978,633,345
1400000US42125773100,42125773100,1259,793,466
1400000US42125773200,42125773200,558,406,152
1400000US42125774700,42125774700,2268,1994,274
1400000US42125775200,42125775200,986,566,420
1400000US42125775300,42125775300,904,548,356
1400000US42125781700,42125781700,1774,1666,108
1400000US42125782700,42125782700,598,371,227
1400000US42125783200,42125783200,1019,494,525
1400000US42125783300,42125783300,725,457,268
1400000US42125784000,42125784000,1199,969,230
1400000US42125791000,42125791000,653,526,127
1400000US42125792100,42125792100,1602,886,716
1400000US42125792200,42125792200,754,454,300
1400000US42125795700,42125795700,946,705,241
1400000US42125795800,42125795800,1499,1282,217
1400000US42125795900,42125795900,1715,1336,379
1400000US42125796000,42125796000,1240,948,292
1400000US42127960100,42127960100,516,462,54
1400000US42127960200,42127960200,1240,1086,154
1400000US42127960300,42127960300,966,784,182
1400000US42127960400,42127960400,1168,992,176
1400000US42127960500,42127960500,1482,1264,218
1400000US42127960600,42127960600,1868,1370,498
1400000US42127960700,42127960700,2108,1045,1063
1400000US42127960800,42127960800,1645,1366,279
1400000US42127960900,42127960900,1289,990,299
1400000US42127961000,42127961000,1763,1476,287
1400000US42127961100,42127961100,1620,1475,145
1400000US42127961200,42127961200,1676,1291,385
1400000US42127961300,42127961300,1069,904,165
1400000US42127961400,42127961400,792,709,83
1400000US42129800100,42129800100,562,94,468
1400000US42129800200,42129800200,665,274,391
1400000US42129800300,42129800300,1199,603,596
1400000US42129800400,42129800400,709,530,179
1400000US42129800500,42129800500,1103,874,229
1400000US42129800600,42129800600,952,346,606
1400000US42129800700,42129800700,1092,312,780
1400000US42129800800,42129800800,760,601,159
1400000US42129800900,42129800900,1222,729,493
1400000US42129801001,42129801001,1641,1458,183
1400000US42129801002,42129801002,1115,879,236
1400000US42129801100,42129801100,2040,1652,388
1400000US42129801200,42129801200,2376,2013,363
1400000US42129801300,42129801300,1777,1482,295
1400000US42129801400,42129801400,838,592,246
1400000US42129801500,42129801500,1175,771,404
1400000US42129801600,42129801600,610,259,351
1400000US42129801701,42129801701,924,801,123
1400000US42129801702,42129801702,1869,1687,182
1400000US42129801703,42129801703,1160,863,297
1400000US42129801800,42129801800,2582,2155,427
1400000US42129801900,42129801900,2979,2467,512
1400000US42129802001,42129802001,880,861,19
1400000US42129802002,42129802002,3284,2653,631
1400000US42129802101,42129802101,2098,1840,258
1400000US42129802102,42129802102,2493,2218,275
1400000US42129802103,42129802103,1021,916,105
1400000US42129802200,42129802200,1438,928,510
1400000US42129802301,42129802301,2301,2116,185
1400000US42129802303,42129802303,1330,1214,116
1400000US42129802304,42129802304,2387,2228,159
1400000US42129802400,42129802400,1721,1421,300
1400000US42129802500,42129802500,1140,808,332
1400000US42129802600,42129802600,1574,1136,438
1400000US42129802700,42129802700,947,688,259
1400000US42129802800,42129802800,930,454,476
1400000US42129802900,42129802900,2115,1836,279
1400000US42129803000,42129803000,2275,1107,1168
1400000US42129803100,42129803100,1575,1336,239
1400000US42129803200,42129803200,1027,920,107
1400000US42129803301,42129803301,2559,2207,352
1400000US42129803302,42129803302,1659,1502,157
1400000US42129803400,42129803400,1317,1194,123
1400000US42129803501,42129803501,1734,1534,200
1400000US42129803502,42129803502,1653,1563,90
1400000US42129803600,42129803600,736,561,175
1400000US42129803700,42129803700,1807,1539,268
1400000US42129803800,42129803800,2376,1944,432
1400000US42129803901,42129803901,1535,1080,455
1400000US42129803902,42129803902,1331,621,710
1400000US42129804000,42129804000,597,295,302
1400000US42129804100,42129804100,1381,323,1058
1400000US42129804200,42129804200,1712,990,722
1400000US42129804300,42129804300,993,596,397
1400000US42129804400,42129804400,1027,701,326
1400000US42129804501,42129804501,1806,1580,226
1400000US42129804502,42129804502,2533,1935,598
1400000US42129804600,42129804600,1420,979,441
1400000US42129804701,42129804701,1286,1189,97
1400000US42129804702,42129804702,2055,1578,477
1400000US42129804801,42129804801,1063,573,490
1400000US42129804802,42129804802,2587,2431,156
1400000US42129804900,42129804900,2338,1778,560
1400000US42129805000,42129805000,1543,1294,249
1400000US42129805100,42129805100,1049,873,176
1400000US42129805200,42129805200,1000,598,402
1400000US42129805400,42129805400,780,193,587
1400000US42129805500,42129805500,1880,1753,127
1400000US42129805600,42129805600,814,509,305
1400000US42129805800,42129805800,1255,1028,227
1400000US42129805901,42129805901,634,594,40
1400000US42129805902,42129805902,2537,2208,329
1400000US42129806000,42129806000,1162,793,369
1400000US42129806100,42129806100,1523,1313,210
1400000US42129806200,42129806200,1005,822,183
1400000US42129806300,42129806300,834,547,287
1400000US42129806400,42129806400,1064,810,254
1400000US42129806500,42129806500,2134,1837,297
1400000US42129806600,42129806600,1276,989,287
1400000US42129806700,42129806700,1333,847,486
1400000US42129806800,42129806800,653,400,253
1400000US42129806900,42129806900,1643,1279,364
1400000US42129807000,42129807000,1430,1252,178
1400000US42129807100,42129807100,1415,1205,210
1400000US42129807200,42129807200,3157,2678,479
1400000US42129807300,42129807300,2013,1669,344
1400000US42129807401,42129807401,929,868,61
1400000US42129807402,42129807402,2695,2094,601
1400000US42129807500,42129807500,1024,741,283
1400000US42129807600,42129807600,1235,632,603
1400000US42129807700,42129807700,1467,993,474
1400000US42129807800,42129807800,1732,1340,392
1400000US42129807900,42129807900,2650,2215,435
1400000US42129808100,42129808100,1867,1492,375
1400000US42129808200,42129808200,1103,786,317
1400000US42129808300,42129808300,2066,1663,403
1400000US42129808401,42129808401,902,742,160
1400000US42129808402,42129808402,2088,1824,264
1400000US42129808500,42129808500,787,522,265
1400000US42129808600,42129808600,1822,1582,240
1400000US42131400100,42131400100,1138,782,356
1400000US42131400200,42131400200,1611,1300,311
1400000US42131400300,42131400300,1730,1363,367
1400000US42131400400,42131400400,1680,1354,326
1400000US42131400500,42131400500,1672,1351,321
1400000US42131400600,42131400600,1440,945,495
1400000US42131400700,42131400700,1530,1320,210
1400000US42133000100,42133000100,589,62,527
1400000US42133000200,42133000200,1044,298,746
1400000US42133000300,42133000300,860,142,718
1400000US42133000400,42133000400,842,463,379
1400000US42133000500,42133000500,1096,473,623
1400000US42133000600,42133000600,1073,599,474
1400000US42133000700,42133000700,1122,380,742
1400000US42133000800,42133000800,839,494,345
1400000US42133000900,42133000900,872,285,587
1400000US42133001000,42133001000,630,253,377
1400000US42133001100,42133001100,1164,354,810
1400000US42133001200,42133001200,1328,415,913
1400000US42133001300,42133001300,1194,554,640
1400000US42133001400,42133001400,1801,1185,616
1400000US42133001500,42133001500,1226,287,939
1400000US42133001600,42133001600,830,77,753
1400000US42133010110,42133010110,2763,1483,1280
1400000US42133010120,42133010120,1862,1339,523
1400000US42133010130,42133010130,1293,1155,138
1400000US42133010210,42133010210,1289,912,377
1400000US42133010220,42133010220,2218,1657,561
1400000US42133010300,42133010300,659,524,135
1400000US42133010400,42133010400,1573,1439,134
1400000US42133010510,42133010510,1254,1093,161
1400000US42133010520,42133010520,928,872,56
1400000US42133020100,42133020100,1318,902,416
1400000US42133020220,42133020220,1801,1660,141
1400000US42133020221,42133020221,1813,1661,152
1400000US42133020222,42133020222,1744,1383,361
1400000US42133020310,42133020310,983,881,102
1400000US42133020320,42133020320,2922,2582,340
1400000US42133020410,42133020410,2114,1500,614
1400000US42133020420,42133020420,3349,2724,625
1400000US42133020510,42133020510,1508,1358,150
1400000US42133020521,42133020521,2316,1812,504
1400000US42133020522,42133020522,1592,1414,178
1400000US42133020600,42133020600,2842,2459,383
1400000US42133020710,42133020710,2537,2018,519
1400000US42133020720,42133020720,3915,3005,910
1400000US42133020800,42133020800,3021,2446,575
1400000US42133020910,42133020910,2437,2055,382
1400000US42133020921,42133020921,2878,2363,515
1400000US42133020922,42133020922,1722,1252,470
1400000US42133021010,42133021010,1751,1582,169
1400000US42133021020,42133021020,2754,1954,800
1400000US42133021100,42133021100,1920,1394,526
1400000US42133021210,42133021210,3315,2498,817
1400000US42133021220,42133021220,2499,2419,80
1400000US42133021300,42133021300,1821,1018,803
1400000US42133021410,42133021410,2185,1312,873
1400000US42133021420,42133021420,2776,2447,329
1400000US42133021500,42133021500,1733,1544,189
1400000US42133021600,42133021600,1230,844,386
1400000US42133021711,42133021711,1129,1021,108
1400000US42133021712,42133021712,2300,2092,208
1400000US42133021720,42133021720,1774,1284,490
1400000US42133021801,42133021801,1902,1595,307
1400000US42133021802,42133021802,1606,1483,123
1400000US42133021900,42133021900,2819,1950,869
1400000US42133022000,42133022000,1348,720,628
1400000US42133022100,42133022100,1413,346,1067
1400000US42133022200,42133022200,2108,1615,493
1400000US42133022300,42133022300,1696,803,893
1400000US42133022401,42133022401,1304,1140,164
1400000US42133022402,42133022402,2883,2523,360
1400000US42133022500,42133022500,1495,1330,165
1400000US42133022600,42133022600,3235,2947,288
1400000US42133022700,42133022700,2857,1825,1032
1400000US42133022800,42133022800,3173,2236,937
1400000US42133022910,42133022910,3956,2577,1379
1400000US42133022920,42133022920,1662,1387,275
1400000US42133023000,42133023000,2061,1187,874
1400000US42133023100,42133023100,2356,1445,911
1400000US42133023200,42133023200,2412,1955,457
1400000US42133023301,42133023301,2278,2192,86
1400000US42133023302,42133023302,2363,1814,549
1400000US42133023400,42133023400,2442,1679,763
1400000US42133023500,42133023500,2131,1655,476
1400000US42133023601,42133023601,1477,1274,203
1400000US42133023602,42133023602,1932,1568,364
1400000US42133023710,42133023710,1560,1317,243
1400000US42133023721,42133023721,2079,1727,352
1400000US42133023722,42133023722,1141,848,293
1400000US42133023810,42133023810,1711,1310,401
1400000US42133023821,42133023821,2127,1743,384
1400000US42133023822,42133023822,2780,2341,439
1400000US42133023901,42133023901,2801,2529,272
1400000US42133023902,42133023902,1042,954,88
1400000US42133024001,42133024001,1835,1480,355
1400000US42133024002,42133024002,1334,1128,206
